1151 1151 1151 1151 1151 1151 1151 1151
1151 1151 1151 1151 1151 1151 1151 1151
1151 1151 1151 1151 1151 1151 1151 1151
1152 1152 1152 1152 1152 1152 1152 1152
1152 1152 1152 1152 1152 1152 1152 1152
1153 1153 1153 1153 1153 1153 1153 1153
1154 1154 1154 1154 1154 1154 1154 1154
1155 1155 1155 1155 1155 1155 1155 1155
1157 1157 1157 1157 1157 1157 1157 1157
1159 1159 1159 1159 1159 1159 1159 1159
1161 1161 1161 1161 1161 1161 1161 1161
1164 1164 1164 1164 1164 1164 1164 1164
1167 1167 1167 1167 1167 1167 1167 1167
1170 1170 1170 1170 1170 1170 1170 1170
1173 1173 1173 1173 1173 1173 1173 1173
1177 1177 1177 1177 1177 1177 1177 1177
1180 1180 1180 1180 1180 1180 1180 1180
1184 1184 1184 1184 1184 1184 1184 1184
1188 1188 1188 1188 1188 1188 1188 1188
1192 1192 1192 1192 1192 1192 1192 1192
1196 1196 1196 1196 1196 1196 1196 1196
1199 1200 1199 1199 1199 1199 1199 1200
1203 1203 1203 1203 1203 1203 1203 1203
1207 1207 1207 1207 1207 1207 1207 1207
1211 1211 1211 1211 1211 1211 1211 1211
1215 1215 1215 1214 1215 1215 1215 1214
1218 1218 1218 1218 1218 1218 1218 1218
1222 1222 1222 1222 1222 1222 1222 1222
1226 1226 1226 1226 1226 1226 1226 1226
1229 1229 1229 1229 1229 1229 1229 1230
1233 1233 1233 1233 1233 1233 1233 1233
1236 1237 1237 1237 1236 1236 1236 1237
1240 1240 1240 1240 1240 1240 1240 1240
1244 1244 1244 1244 1244 1244 1244 1244
1247 1247 1247 1247 1248 1247 1248 1247
1251 1251 1251 1250 1251 1251 1251 1250
1255 1254 1254 1254 1255 1255 1255 1254
1258 1258 1258 1258 1258 1258 1258 1258
1262 1262 1262 1262 1261 1261 1261 1262
1265 1265 1265 1266 1265 1265 1265 1266
1269 1269 1269 1269 1268 1269 1268 1269
1272 1273 1273 1273 1272 1273 1272 1273
1276 1276 1276 1276 1276 1276 1276 1276
1280 1280 1280 1280 1280 1280 1281 1280
1284 1284 1284 1283 1285 1284 1285 1283
1288 1287 1288 1287 1289 1288 1289 1287
1292 1291 1292 1291 1292 1292 1292 1291
1296 1296 1296 1296 1296 1296 1296 1296
1299 1300 1300 1300 1299 1299 1299 1300
1303 1304 1304 1305 1303 1303 1303 1305
1307 1308 1308 1309 1307 1308 1307 1309
1311 1312 1312 1313 1311 1312 1311 1312
1316 1316 1316 1316 1316 1316 1316 1316
1321 1320 1320 1319 1321 1321 1321 1320
1325 1324 1324 1323 1326 1325 1326 1323
1330 1328 1329 1328 1330 1329 1330 1328
1334 1333 1333 1333 1334 1333 1334 1333
1338 1338 1338 1338 1337 1338 1337 1338
1342 1343 1343 1343 1341 1342 1341 1343
1346 1348 1347 1348 1345 1347 1346 1348
1351 1352 1352 1353 1350 1351 1350 1352
1356 1356 1356 1357 1355 1356 1356 1356
1361 1361 1361 1360 1361 1361 1361 1360
1366 1365 1365 1364 1367 1366 1367 1364
1371 1369 1370 1369 1372 1371 1372 1369
1376 1374 1375 1374 1377 1375 1376 1374
1381 1380 1380 1380 1381 1380 1380 1380
1385 1385 1385 1386 1384 1385 1384 1386
1389 1391 1390 1392 1388 1390 1389 1392
1394 1396 1395 1397 1393 1395 1394 1397
1399 1401 1400 1402 1398 1400 1399 1402
1405 1406 1405 1406 1405 1405 1405 1406
1412 1410 1410 1409 1412 1411 1412 1409
1418 1414 1415 1413 1419 1416 1418 1414
1423 1419 1421 1418 1424 1422 1424 1419
1428 1425 1427 1425 1428 1427 1428 1425
1432 1432 1432 1433 1431 1432 1431 1433
1435 1439 1438 1440 1434 1437 1435 1440
1440 1445 1443 1447 1439 1442 1440 1446
1446 1450 1449 1451 1445 1448 1446 1451
1453 1454 1454 1454 1453 1454 1454 1454
1461 1458 1459 1457 1462 1460 1462 1457
1468 1462 1464 1461 1470 1466 1469 1461
1474 1468 1470 1466 1475 1471 1474 1467
1478 1475 1477 1475 1479 1476 1478 1475
1482 1483 1483 1484 1481 1482 1481 1484
1485 1491 1489 1493 1483 1487 1484 1492
1490 1498 1495 1500 1488 1493 1490 1499
1497 1503 1500 1504 1496 1500 1497 1503
1505 1507 1505 1506 1506 1507 1506 1506
1514 1510 1511 1508 1516 1513 1516 1508
1522 1514 1517 1511 1525 1519 1524 1512
1529 1520 1524 1518 1531 1524 1529 1519
1533 1528 1531 1528 1533 1530 1532 1529
1536 1537 1538 1539 1534 1535 1534 1539
1539 1547 1544 1550 1536 1541 1537 1549
1544 1555 1550 1558 1541 1548 1543 1556
1551 1560 1555 1562 1550 1556 1551 1560
1561 1563 1561 1562 1562 1563 1563 1561
1572 1566 1567 1563 1575 1570 1574 1563
1581 1569 1574 1565 1585 1577 1583 1567
1588 1576 1581 1573 1591 1582 1588 1575
1592 1585 1589 1585 1592 1588 1590 1586
1594 1596 1597 1599 1591 1593 1591 1599
1596 1607 1604 1611 1592 1600 1593 1610
1601 1616 1610 1620 1597 1607 1599 1617
1609 1621 1615 1623 1607 1616 1610 1620
1620 1623 1620 1622 1622 1624 1623 1621
1633 1625 1626 1621 1637 1631 1636 1621
1643 1628 1634 1622 1648 1637 1646 1625
1650 1634 1642 1630 1654 1643 1651 1633
1654 1644 1650 1644 1654 1648 1652 1646
1654 1657 1658 1660 1651 1653 1651 1661
1655 1669 1665 1675 1649 1659 1651 1673
1659 1679 1671 1684 1654 1667 1657 1681
1668 1683 1675 1686 1665 1676 1668 1683
1680 1684 1680 1683 1682 1685 1683 1681
1694 1684 1685 1678 1699 1692 1698 1679
1705 1685 1692 1678 1712 1698 1709 1681
1712 1691 1701 1686 1717 1702 1713 1690
1714 1702 1709 1701 1715 1706 1712 1704
1713 1716 1718 1720 1709 1711 1708 1720
1711 1729 1724 1736 1704 1717 1706 1734
1714 1739 1728 1746 1706 1724 1711 1742
1722 1742 1732 1746 1718 1733 1723 1742
1735 1741 1735 1740 1737 1741 1739 1737
1750 1738 1740 1731 1756 1748 1755 1732
1762 1737 1746 1728 1770 1753 1767 1732
1768 1741 1754 1734 1775 1756 1770 1739
1769 1751 1762 1750 1770 1758 1766 1754
1764 1766 1770 1771 1759 1761 1758 1772
1759 1781 1775 1790 1750 1766 1753 1787
1759 1791 1778 1800 1749 1772 1755 1794
1766 1793 1779 1798 1760 1780 1767 1793
1779 1789 1780 1787 1781 1788 1784 1784
1795 1782 1783 1773 1803 1794 1802 1774
1808 1776 1788 1765 1819 1797 1814 1770
1814 1778 1795 1769 1822 1797 1816 1776
1812 1788 1803 1785 1814 1797 1808 1792
1803 1803 1809 1809 1798 1798 1795 1811
1793 1820 1812 1830 1782 1801 1785 1827
1788 1830 1812 1841 1776 1806 1784 1834
1793 1831 1811 1837 1786 1813 1795 1829
1806 1823 1809 1821 1808 1819 1813 1815
1824 1809 1810 1800 1833 1823 1833 1800
1838 1798 1814 1784 1851 1823 1845 1791
1844 1795 1819 1784 1855 1821 1845 1794
1838 1803 1825 1800 1842 1817 1833 1809
1824 1820 1829 1827 1817 1815 1814 1830
1806 1839 1829 1851 1793 1816 1797 1847
1795 1850 1825 1863 1780 1820 1791 1853
1795 1849 1820 1857 1787 1825 1799 1845
1809 1835 1815 1834 1810 1829 1818 1826
1829 1813 1813 1802 1840 1829 1840 1802
1846 1793 1815 1777 1861 1825 1853 1786
1851 1784 1819 1769 1864 1818 1851 1784
1841 1790 1822 1785 1846 1810 1833 1799
1818 1809 1822 1816 1811 1805 1806 1821
1790 1831 1817 1846 1774 1804 1780 1840
1768 1844 1808 1860 1750 1806 1766 1846
1763 1841 1798 1851 1752 1808 1771 1834
1777 1819 1789 1818 1778 1808 1791 1806
1802 1785 1784 1772 1815 1803 1815 1771
1823 1751 1783 1730 1842 1793 1830 1744
1829 1732 1784 1713 1846 1780 1826 1735
1813 1736 1783 1728 1820 1767 1802 1748
1776 1760 1778 1766 1770 1759 1763 1774
1730 1790 1766 1806 1712 1755 1722 1797
1692 1808 1749 1827 1669 1755 1696 1804
1680 1801 1732 1814 1664 1754 1697 1787
1697 1767 1717 1766 1698 1749 1720 1746
1733 1712 1709 1694 1750 1736 1751 1693
1770 1648 1707 1615 1797 1716 1776 1641
1777 1614 1706 1582 1802 1694 1769 1623
1741 1629 1698 1616 1752 1676 1726 1645
1666 1682 1680 1691 1656 1667 1656 1691
1576 1734 1653 1758 1545 1665 1585 1727
1518 1752 1623 1775 1484 1665 1552 1726
1529 1715 1598 1723 1519 1657 1576 1677
1595 1627 1584 1607 1616 1638 1633 1589
1666 1512 1580 1458 1706 1606 1683 1490
1699 1418 1580 1346 1741 1568 1692 1429
1672 1408 1574 1362 1700 1533 1648 1444
1580 1480 1554 1481 1579 1510 1551 1513
1432 1577 1516 1609 1388 1503 1421 1586
1260 1642 1465 1684 1150 1504 1303 1621
1228 1616 1421 1645 1150 1493 1307 1575
1204 1582 1370 1595 1172 1483 1322 1518
1357 1438 1350 1410 1388 1443 1423 1373
1512 1265 1386 1150 1566 1424 1534 1225
1571 1251 1445 1150 1614 1429 1562 1269
1580 1233 1461 1150 1614 1412 1553 1286
1592 1206 1481 1150 1613 1389 1540 1306
1248 1162 1256 1200 1216 1150 1174 1238
1254 1570 1431 1614 1150 1443 1267 1564
1233 1581 1412 1614 1150 1461 1286 1553
1221 1586 1401 1614 1150 1471 1296 1547
1205 1593 1388 1614 1150 1482 1307 1540
1160 1610 1352 1614 1150 1510 1336 1521
1179 1366 1150 1302 1269 1383 1346 1210
1542 1303 1392 1150 1614 1479 1591 1208
1568 1258 1439 1150 1614 1437 1566 1261
1581 1231 1462 1150 1614 1412 1553 1286
1595 1200 1485 1150 1614 1385 1538 1309
1613 1150 1527 1176 1606 1330 1502 1361
1348 1227 1397 1325 1261 1150 1164 1386
1293 1548 1470 1615 1150 1403 1220 1586
1243 1576 1422 1614 1150 1453 1276 1558
1205 1593 1390 1614 1150 1482 1306 1541
1158 1610 1351 1615 1150 1512 1336 1521
1150 1584 1278 1554 1229 1528 1394 1440
1333 1299 1228 1196 1412 1393 1431 1150
1575 1242 1453 1150 1615 1423 1559 1274
1600 1186 1495 1150 1615 1375 1533 1318
1613 1150 1525 1172 1607 1333 1505 1358
1613 1150 1554 1236 1581 1287 1460 1412
1445 1184 1466 1310 1366 1150 1241 1413
1257 1519 1420 1571 1150 1397 1231 1533
1176 1604 1367 1615 1150 1501 1324 1529
1150 1613 1329 1605 1178 1528 1363 1501
1150 1613 1301 1589 1218 1545 1397 1474
1150 1539 1221 1489 1261 1511 1406 1367
1425 1217 1333 1150 1463 1341 1430 1209
1613 1150 1519 1158 1612 1342 1513 1346
1613 1150 1535 1195 1598 1317 1490 1378
1613 1150 1546 1218 1588 1300 1473 1398
1613 1150 1560 1248 1575 1276 1450 1423
1429 1150 1431 1259 1368 1153 1257 1366
1199 1492 1342 1515 1150 1399 1257 1459
1150 1613 1334 1608 1168 1524 1356 1507
1150 1614 1317 1598 1194 1535 1378 1490
1150 1614 1306 1592 1209 1542 1391 1480
1150 1551 1269 1525 1214 1495 1368 1421
1354 1150 1309 1155 1352 1221 1301 1229
1614 1150 1543 1211 1591 1304 1478 1393
1614 1150 1548 1221 1586 1295 1470 1402
1614 1150 1553 1232 1581 1287 1462 1411
1614 1150 1560 1246 1574 1273 1449 1425
1483 1150 1460 1244 1432 1194 1325 1374
1158 1468 1278 1468 1150 1394 1274 1402
1150 1615 1303 1591 1207 1542 1392 1480
1150 1615 1293 1585 1221 1548 1404 1470
1150 1615 1286 1582 1228 1552 1411 1464
1150 1616 1279 1579 1232 1555 1417 1459
1209 1158 1188 1150 1203 1167 1196 1173
1616 1150 1553 1230 1580 1281 1462 1415
1615 1150 1556 1235 1578 1279 1458 1418
1615 1150 1557 1238 1577 1277 1456 1420
1615 1150 1558 1240 1576 1274 1453 1423
1617 1150 1560 1242 1573 1268 1451 1427
1377 1150 1346 1186 1342 1180 1279 1285
1150 1527 1247 1495 1198 1469 1356 1401
1150 1617 1277 1578 1230 1555 1418 1460
1150 1617 1276 1578 1232 1555 1419 1459
1150 1617 1277 1579 1229 1554 1417 1461
1150 1559 1264 1528 1192 1490 1367 1432
1369 1162 1355 1217 1312 1150 1245 1314
1619 1150 1574 1266 1559 1236 1427 1454
1617 1150 1570 1261 1563 1247 1433 1446
1617 1150 1568 1257 1565 1252 1437 1442
1618 1150 1565 1250 1567 1254 1442 1438
1499 1150 1447 1199 1456 1216 1369 1353
1150 1427 1181 1382 1189 1386 1318 1310
1150 1620 1251 1568 1245 1564 1439 1445
1150 1619 1257 1569 1245 1563 1435 1446
1150 1620 1261 1572 1237 1560 1431 1452
1150 1561 1250 1521 1191 1491 1375 1427
1372 1182 1358 1229 1306 1150 1246 1329
1621 1150 1579 1272 1552 1219 1419 1465
1619 1150 1574 1267 1558 1235 1426 1455
1618 1150 1572 1263 1560 1240 1430 1450
1620 1150 1569 1256 1562 1241 1435 1448
1574 1150 1522 1231 1513 1214 1403 1418
1150 1425 1188 1384 1164 1371 1302 1323
1150 1621 1257 1571 1235 1560 1433 1452
1150 1619 1261 1571 1238 1560 1431 1451
1150 1620 1260 1572 1236 1560 1431 1452
1150 1625 1254 1572 1223 1557 1432 1458
1243 1180 1211 1162 1200 1150 1206 1220
1624 1150 1563 1236 1567 1246 1448 1440
1620 1150 1563 1243 1569 1255 1446 1436
1619 1150 1563 1246 1568 1255 1445 1436
1620 1150 1565 1247 1566 1250 1443 1440
1595 1150 1541 1239 1531 1218 1416 1433
1182 1344 1209 1323 1150 1283 1240 1302
1150 1623 1269 1578 1216 1552 1420 1466
1150 1619 1266 1575 1231 1557 1425 1457
1150 1619 1263 1572 1235 1559 1429 1453
1150 1623 1257 1572 1227 1558 1430 1456
1235 1194 1220 1189 1185 1150 1190 1238
1621 1150 1573 1262 1557 1229 1428 1456
1618 1150 1573 1265 1559 1239 1428 1452
1617 1150 1573 1267 1559 1240 1427 1452
1617 1150 1574 1268 1558 1237 1425 1453
1620 1150 1577 1270 1554 1225 1421 1461
1383 1173 1364 1222 1319 1150 1255 1328
1150 1543 1240 1503 1191 1477 1367 1411
1150 1619 1257 1570 1240 1561 1433 1449
1150 1618 1253 1567 1248 1564 1438 1443
1150 1620 1247 1565 1249 1566 1442 1441
1150 1422 1181 1377 1183 1378 1312 1309
1542 1150 1494 1224 1488 1212 1384 1395
1618 1150 1569 1259 1561 1243 1433 1447
1616 1150 1570 1263 1561 1244 1431 1447
1617 1150 1571 1264 1560 1242 1429 1449
1619 1150 1573 1264 1557 1231 1426 1455
1291 1176 1275 1195 1242 1150 1213 1263
1150 1591 1249 1544 1221 1529 1409 1434
1150 1617 1258 1569 1244 1562 1434 1446
1150 1617 1257 1568 1248 1563 1435 1444
1150 1617 1255 1567 1246 1563 1436 1444
1150 1482 1208 1439 1198 1434 1345 1355
1482 1150 1438 1207 1434 1200 1346 1353
1617 1150 1566 1254 1564 1250 1438 1441
1616 1150 1566 1256 1564 1252 1437 1440
1616 1150 1566 1256 1564 1251 1436 1441
1618 1150 1568 1255 1561 1242 1435 1446
1178 1210 1176 1200 1150 1176 1177 1211
1150 1618 1260 1570 1238 1559 1430 1450
1150 1615 1261 1569 1246 1561 1432 1445
1150 1615 1261 1568 1248 1562 1432 1444
1150 1615 1260 1568 1247 1561 1432 1444
1150 1560 1239 1515 1223 1506 1394 1408
1387 1150 1353 1187 1347 1177 1283 1293
1616 1150 1565 1254 1564 1251 1438 1440
1614 1150 1565 1255 1564 1254 1437 1438
1614 1150 1565 1255 1564 1254 1437 1439
1616 1150 1566 1255 1562 1247 1436 1442
1172 1201 1174 1195 1150 1173 1171 1202
1150 1616 1265 1571 1239 1558 1427 1450
1150 1614 1265 1570 1246 1559 1428 1446
1150 1613 1265 1569 1247 1560 1429 1445
1150 1614 1265 1569 1246 1560 1429 1446
1150 1561 1246 1519 1224 1508 1391 1412
1383 1150 1353 1191 1347 1180 1280 1291
1614 1150 1564 1254 1564 1254 1438 1438
1613 1150 1564 1255 1565 1257 1438 1436
1614 1150 1564 1255 1565 1256 1438 1437
1574 1150 1527 1242 1524 1236 1408 1413
1150 1365 1193 1341 1168 1325 1261 1287
1150 1614 1267 1571 1242 1558 1426 1449
1150 1613 1266 1570 1246 1559 1427 1446
1150 1613 1265 1569 1246 1560 1428 1446
1150 1615 1263 1569 1245 1560 1430 1446
1150 1438 1202 1401 1191 1395 1316 1326
1490 1150 1444 1207 1447 1213 1358 1352
1616 1150 1563 1248 1566 1255 1442 1436
1616 1150 1562 1248 1566 1256 1442 1435
1617 1150 1561 1243 1567 1255 1445 1435
1361 1150 1314 1154 1330 1181 1284 1258
1150 1598 1219 1534 1253 1551 1441 1412
1150 1616 1238 1558 1264 1571 1450 1428
1150 1616 1239 1557 1267 1572 1451 1426
1150 1616 1231 1554 1272 1575 1457 1420
1150 1619 1204 1544 1285 1584 1475 1404
1214 1476 1150 1379 1309 1475 1437 1279
1484 1214 1386 1150 1482 1310 1442 1285
1691 1150 1598 1195 1651 1309 1535 1441
1745 1150 1666 1255 1683 1292 1541 1511
1597 1150 1548 1249 1521 1193 1402 1449
1218 1393 1267 1384 1150 1305 1249 1371
1150 1863 1341 1796 1280 1769 1582 1631
1150 1950 1340 1862 1360 1871 1675 1659
1150 1950 1306 1848 1394 1888 1702 1630
1150 1950 1244 1824 1433 1907 1738 1588
1242 1857 1150 1696 1494 1856 1748 1465
1507 1349 1347 1181 1556 1460 1569 1246
1950 1150 1842 1292 1879 1376 1699 1633
1950 1150 1890 1398 1840 1287 1621 1710
1950 1150 1922 1461 1805 1185 1554 1765
1935 1289 1950 1575 1748 1150 1485 1841
1656 1516 1741 1656 1461 1319 1343 1767
1224 1858 1411 1813 1251 1737 1548 1681
1150 1950 1232 1820 1434 1908 1742 1583
1217 1949 1150 1781 1532 1950 1815 1511
1324 1915 1150 1719 1611 1949 1855 1447
1447 1870 1150 1624 1707 1950 1914 1356
1831 1707 1724 1626 1855 1772 1861 1670
1950 1316 1941 1556 1778 1230 1546 1829
1894 1384 1950 1657 1677 1150 1407 1883
1851 1464 1950 1730 1597 1150 1313 1923
1765 1553 1916 1798 1450 1161 1150 1950
1669 1827 1824 1921 1464 1614 1489 1950
1490 1950 1500 1845 1584 1900 1796 1707
1448 1872 1150 1626 1705 1950 1915 1362
1553 1765 1162 1451 1798 1917 1949 1150
1675 1658 1340 1319 1862 1853 1950 1150
1875 1582 1648 1359 1950 1771 1945 1467
1950 1561 1917 1651 1836 1536 1711 1839
1805 1535 1930 1776 1504 1150 1236 1950
1659 1674 1854 1863 1321 1341 1150 1950
1526 1808 1778 1937 1150 1514 1227 1950
1360 1920 1621 1949 1150 1710 1457 1872
1151 1950 1240 1822 1364 1873 1710 1621
