579.5721616062546 579.5721616062546 579.5721616062546 579.5721616062546 579.5721616062546 579.5721616062546 579.5721616062546 579.5721616062547
579.573075164485 579.5712480465842 579.5721616062546 579.5708696373569 579.5734535722723 579.5721616062546 579.573075164485 579.5712480465843
579.5749022766257 579.5694209229233 579.5721616062546 579.5682856909214 579.5760374956677 579.5721616062546 579.5749022766257 579.5694209229234
579.5752067947559 579.5691164017531 579.5721616062546 579.5678550320621 579.5764681484469 579.5721616062546 579.5752067947559 579.5691164017533
579.5752067947559 579.5691164017531 579.5721616062546 579.5678550320621 579.5764681484469 579.5721616062546 579.5752067947559 579.5691164017533
579.5752067947559 579.5691164017531 579.5721616062546 579.5678550320621 579.5764681484469 579.5721616062546 579.5752067947559 579.5691164017533
579.5752067947559 579.5691164017531 579.5721616062546 579.5678550320621 579.5764681484469 579.5721616062546 579.5752067947559 579.5691164017533
579.5752067947559 579.5691164017531 579.5721616062546 579.5678550320621 579.5764681484469 579.5721616062546 579.5752067947559 579.5691164017533
579.5752067947559 579.5691164017531 579.5721616062546 579.5678550320621 579.5764681484469 579.5721616062546 579.5752067947559 579.5691164017533
579.5752067947559 579.5691164017531 579.5721616062546 579.5678550320621 579.5764681484469 579.5721616062546 579.5752067947559 579.5691164017533
579.5752067947559 579.5691164017531 579.5721616062546 579.5678550320621 579.5764681484469 579.5721616062546 579.5752067947559 579.5691164017533
579.5752067947559 579.5691164017531 579.5721616062546 579.5678550320621 579.5764681484469 579.5721616062546 579.5752067947559 579.5691164017533
579.5752067947559 579.5691164017531 579.5721616062546 579.5678550320621 579.5764681484469 579.5721616062546 579.5752067947559 579.5691164017533
579.5752067947559 579.5691164017531 579.5721616062546 579.5678550320621 579.5764681484469 579.5721616062546 579.5752067947559 579.5691164017533
579.5752067947559 579.5691164017531 579.5721616062546 579.5678550320621 579.5764681484469 579.5721616062546 579.5752067947559 579.5691164017533
579.5752067947559 579.5691164017531 579.5721616062546 579.5678550320621 579.5764681484469 579.5721616062546 579.5752067947559 579.5691164017533
579.5752067947559 579.5691164017531 579.5721616062546 579.5678550320621 579.5764681484469 579.5721616062546 579.5752067947559 579.5691164017533
579.5752067947559 579.5691164017531 579.5721616062546 579.5678550320621 579.5764681484469 579.5721616062546 579.5752067947559 579.5691164017533
579.5739887212753 579.5703344854737 579.5721616062546 579.5695776655791 579.57474553541 579.5721616062546 579.5739887212753 579.5703344854738
579.5715525666343 579.5727706452349 579.5721616062546 579.5730229172531 579.5713002939762 579.5721616062546 579.5715525666343 579.572770645235
579.5715525666343 579.5727706452349 579.5721616062546 579.5730229172531 579.5713002939762 579.5721616062546 579.5715525666343 579.572770645235
579.5736842025052 579.570639006004 579.5721616062546 579.5700083231584 579.5743148813508 579.5721616062546 579.5736842025052 579.5706390060041
579.5761203481862 579.5682028372827 579.5721616062546 579.5665630535642 579.5777601048646 579.5721616062546 579.5761203481862 579.5682028372828
579.5791655158879 579.5651576119807 579.5721616062546 579.5622564377702 579.5820666054577 579.5721616062546 579.5791655158879 579.5651576119808
579.5803835784886 579.5639395173797 579.5721616062546 579.5605337824921 579.5837891967353 579.5721616062546 579.5803835784886 579.5639395173798
579.5764248656765 579.5678983154725 579.5721616062546 579.5661323934248 579.5781907563638 579.5721616062546 579.5764248656765 579.5678983154726
579.5675937935023 579.5767293830066 579.5721616062546 579.5786214075432 579.5657017329654 579.5721616062546 579.5675937935023 579.5767293830068
579.5621123706779 579.58221066759 579.5721616062546 579.5863730740522 579.5579497899745 579.5721616062546 579.5621123706779 579.5822106675901
579.5663757040215 579.5779474507273 579.5721616062546 579.5803440090604 579.563979087928 579.5721616062546 579.5663757040215 579.5779474507274
579.5770339001767 579.5672892713721 579.5721616062546 579.5652710721861 579.5790520584025 579.5721616062546 579.5770339001767 579.5672892713723
579.5886054340867 579.555717311859 579.5721616062546 579.548905725434 579.5954165539484 579.5721616062546 579.5886054340867 579.5557173118591
579.5976499799547 579.546681003855 579.5717668783467 579.535725224273 579.6085868063823 579.5725474420153 579.5982018972787 579.5461290374664
579.5945230879681 579.5498348306489 579.5713632583027 579.5397629825599 579.6045228533873 579.5729243856177 579.5956269280047 579.5487309033942
579.5725981043777 579.5717606753656 579.5696406300927 579.5690484754631 579.575239152977 579.5746470040675 579.5761381317783 579.5682206212273
579.5416225661472 579.6027168201032 579.565194889429 579.6083939606217 579.5359092017744 579.579110455783 579.5514627922977 579.5928774641347
579.5234364140459 579.6208827024335 579.5634407603037 579.6323426324839 579.5119743303601 579.5808823209845 579.5357703655634 579.6085505620892
579.5338860288477 579.6104346560675 579.565984353928 579.6201104566878 579.5242087886148 579.5783387927429 579.5426224474277 579.6016992596307
579.5789561611206 579.5653669717324 579.5730902071209 579.5634811348929 579.5808419476075 579.5712330039005 579.577642934037 579.5666802266318
579.6448465284316 579.4994764604203 579.5857630330066 579.482964167912 579.6613364285099 579.558550968203 579.6256067865679 579.5187203897499
579.6878447494663 579.4565620918752 579.5947710766648 579.4312128313319 579.7129694348583 579.5494445470187 579.6557995663024 579.4886182926869
579.7051111110038 579.4428742718198 579.5629343230227 579.3774716632375 579.7633827977273 579.5779842806638 579.7157504686078 579.4322299037466
579.5993731851777 579.5488284214674 579.5305071120539 579.4947627760691 579.6459584007466 579.6102211845978 579.6557339849953 579.4924572241323
579.4182089238158 579.7264314485622 579.5193124711337 579.7372376688802 579.406967686831 579.6249351235474 579.4929104416269 579.6517600253272
579.3340270525194 579.8101976182242 579.5089723749802 579.8456147168699 579.2988676211967 579.6356319883035 579.4236188325222 579.720665581276
579.3367270111102 579.8077341592837 579.501724365432 579.8347215608145 579.3095363570184 579.6426439619343 579.4364041368211 579.7081208814128
579.5275658051252 579.6232438211982 579.6009224714161 579.6685701190943 579.4695329409662 579.5371959253526 579.4824993536448 579.6682993304663
579.7913295213262 579.3729562275174 579.6114827520821 579.3155876059559 579.8088795951691 579.5130852384369 579.7217752866511 579.4425523332004
580.1031523296491 579.0806097549629 579.7151266254523 578.9917822748239 580.112395331979 579.3895469554305 579.8731057198569 579.3109710680296
580.1806098167227 578.9953588180556 579.6964668380728 578.8579181654917 580.2535998453769 579.4158574735948 579.9823687239173 579.1939377354939
579.9439854971888 579.2353156195408 579.5666378098366 579.0652957987156 580.0437062177922 579.5427769018678 579.9271243674524 579.2521968867534
579.4460411133294 579.7530684359846 579.393035462737 579.6101732601677 579.4841154787819 579.7012191605114 579.6639569360299 579.535186120838
578.8838819663986 580.3468985973861 579.23370800379 580.2679752847699 578.7928241681811 579.8278778757069 579.3043403312588 579.927196107802
578.8757958372721 580.3982237438698 579.4623599705814 580.5382048091008 578.478379533332 579.5560509629828 578.94211406517 580.3320719148876
578.8980036397082 580.4203732958068 579.4870229810475 580.5628221163795 578.4092229409376 579.4870229810475 578.8980036397082 580.4203732958068
579.1354292984596 580.2447517560445 579.4065672159537 580.1908297125991 578.7209272784411 579.5061176723135 579.2058568253233 580.1744503409194
580.4709386484334 578.9487019560449 579.6782603538874 578.600816545061 580.2707238377304 579.1943821575497 580.1292944010344 579.2910424732464
580.5015208960044 578.9793646096294 579.405733297235 578.3277817617002 580.4816830856977 579.405733297235 580.5015208960044 578.9793646096296
580.7217264107067 579.2001488316691 579.1850274436047 578.1066643747945 580.2613864760838 579.1850274436047 580.7217264107067 579.2001488316691
581.2676309143756 579.7474860920112 578.6371581496214 577.5577721502605 579.7145344147997 578.6371581496215 581.2676309143756 579.7474860920113
581.6882889864902 580.1692463628408 578.2142803461794 577.134103459458 579.2924430860013 578.2142803461795 581.6882889864902 580.1692463628408
579.6225096483565 581.1429813822612 577.27090884279 578.3508302202728 577.2680179821989 578.3479447576469 580.3812102429147 580.3852766033026
578.9486705081778 580.4709072830358 578.4848436291655 579.5625030391096 577.405172897128 578.4848436291655 578.9486705081778 580.4709072830358
578.4563581554274 579.9798870730297 578.9771317603196 580.0538765681205 577.8983807566073 578.9771317603196 578.4563581554274 579.9798870730298
579.2876664215531 580.8090147259533 578.1453769803215 579.2236679763837 577.0650711171318 578.1453769803215 579.2876664215531 580.8090147259534
580.8272628704742 582.3445890642507 576.5986195771195 577.6797977413937 575.5154102871111 576.5986195771194 580.8272628704742 582.3445890642508
582.540748945484 584.0536236517752 574.8674222895932 575.9518502706447 573.7809447773458 574.8674222895932 582.540748945484 584.0536236517752
583.0123758588148 584.1334258805342 574.7281783554231 575.5325167977766 573.641437115072 574.4472972094873 582.8166000195367 584.3287605253885
583.4843008606997 581.9699461588164 576.5286114149488 575.4452703426723 575.4452703426722 574.3598859073057 581.9699461588162 583.4843008606998
581.9982357936714 580.4800042621124 577.3878145804985 576.306088641918 577.5896261894455 576.5082789183218 581.3813799141357 581.0978169845619
580.7859190960729 579.2645101345897 578.2812333114596 577.201181720832 579.1343585048604 578.0559009131715 580.6272814138377 579.4235209237821
580.6932556034008 579.1716032269475 579.9278915894391 578.8509124317543 579.3515854597529 578.2735329880069 579.5254814037493 580.3400895091619
579.0978040286616 580.6196498135611 579.1751018064884 580.251479250897 578.0967202227137 579.1751018064884 579.0978040286616 580.6196498135612
579.5662129549869 581.0868319948314 578.7063763121928 579.783623953529 577.6271196577351 578.7063763121927 579.5662129549869 581.0868319948314
581.0800380363066 582.5967058978962 577.1863257034933 578.2664050413068 576.1042214381015 577.1863257034931 581.0800380363066 582.5967058978962
584.3592160059297 585.8673949366605 573.8661619683719 574.9524784472256 572.7777852116925 573.8661619683719 584.3592160059297 585.8673949366606
587.5357616118514 589.035807308539 570.613524209299 571.7060211602236 569.5189315468436 570.613524209299 587.5357616118514 589.0358073085391
589.924235627008 591.4182233402296 568.1438738587831 569.241110623225 567.0445139342827 568.1438738587831 589.924235627008 591.4182233402297
591.41629295681 590.1295030312431 569.0597711140808 568.1143697203614 567.9621840229438 567.0149525916099 590.0259107886167 591.5196417032496
589.5661713283127 588.0674784885842 571.1590728927896 570.0655277487432 570.0655277487432 568.9698808435779 588.0674784885841 589.5661713283129
586.3908555956255 584.8840264594048 574.418594229249 573.3312661769013 573.3312661769013 572.2418720748343 584.8840264594047 586.3908555956256
584.1822606330447 582.6697199267614 577.3709304174141 576.2891727863474 576.2891727863474 575.2053807558434 582.6697199267614 584.1822606330448
581.5975945452312 580.0783144214196 579.974433012875 578.897540440714 578.8975404407139 577.8186408450407 580.0783144214195 581.5975945452313
579.6079581229142 581.1284679296118 579.368473487201 580.4444923428831 578.2904524982162 579.3684734872008 579.6079581229142 581.1284679296119
580.4714111299824 581.9896650783733 578.5033742780332 579.5809992325214 577.4237381947268 578.5033742780332 580.4714111299824 581.9896650783734
582.7002626057865 584.2127242363492 576.258290308652 577.3401058039781 575.1744400867904 576.258290308652 582.7002626057865 584.2127242363493
586.7123041140695 588.2144497695075 572.1729505940165 573.2624756704041 571.0813468947879 572.1729505940165 586.7123041140695 588.2144497695076
590.7914396269364 592.2832398905714 567.9601113228244 569.057702411744 566.8603950123322 567.9601113228244 590.7914396269364 592.2832398905715
591.9351174605654 593.4240426557197 566.7680565339316 567.8679516644232 565.6660227439438 566.7680565339316 591.9351174605654 593.4240426557199
592.2306546118978 590.7387215539819 569.1124288463292 568.0149435068327 568.0149435068327 566.9153335611699 590.7387215539819 592.2306546118979
589.8341361751678 588.3361259337238 571.5958333752081 570.5031254179077 570.5031254179077 569.4083205322021 588.3361259337237 589.8341361751679
586.4037752795574 584.8969794274149 574.3400532420078 573.2525762155234 573.2525762155234 572.1630322883824 584.8969794274149 586.4037752795576
583.0735819536513 581.5581577567779 577.7205920234181 576.6394903469505 576.6394903469504 575.5563579766042 581.5581577567779 583.0735819536515
580.4218830953722 578.8995174096917 580.3846328463324 579.3085028064703 579.3085028064702 578.2303700114483 578.8995174096917 580.4218830953724
578.0770320843797 579.6015580916678 580.1292422017385 581.2038526006698 579.0526375358854 580.1292422017384 578.0770320843795 579.6015580916678
579.3822307329249 580.9033313795543 578.8257279976315 579.9027539271442 577.7466942975011 578.8257279976315 579.3822307329248 580.9033313795543
582.4240849902759 583.9372619516281 575.7648633811272 576.8476042462046 574.6800825537545 575.764863381127 582.4240849902759 583.9372619516281
586.6284374033812 588.1307972629361 571.4805938181239 572.5714363562099 570.3876650931519 571.4805938181239 586.6284374033812 588.1307972629361
590.1830502256015 591.6763844302044 567.8089114371606 568.9067942358846 566.7089017186473 567.8089114371606 590.1830502256015 591.6763844302044
591.6178260819981 593.1075477995483 566.3138180753307 567.4145937172894 565.2108986234792 566.3138180753307 591.6178260819981 593.1075477995485
592.0787870052152 590.5864703011432 568.4879896695999 567.3892964960523 567.3892964960523 566.28847168028 590.5864703011431 592.0787870052153
584.7250730304477 583.2139400868762 565.9741321604452 564.8705494663988 564.8705494663988 563.7648064877528 583.213940086876 584.7250730304478
581.4119706362338 579.8922041899726 569.377071637173 568.2800973866889 568.2800973866889 567.1810015026304 579.8922041899726 581.411970636234
577.7646393145468 576.2352534542332 573.0777877940856 571.987910923531 571.9879109235309 570.8959534121495 576.2352534542332 577.7646393145469
574.7910079571126 573.2536887884364 576.0602628865125 574.9760393760596 574.9760393760596 573.8897674957118 573.2536887884363 574.7910079571127
572.0109040626138 573.5515543395666 576.2124288833076 577.2943303202436 575.1284922339554 576.2124288833076 572.0109040626138 573.5515543395667
573.1448835645543 574.6824937955137 575.0844981477965 576.1685175625277 573.9984315219032 575.0844981477965 573.1448835645543 574.6824937955138
576.1830654036448 577.7125894220628 572.0404817040387 573.1302586048712 570.9486247359658 572.0404817040387 576.1830654036448 577.7125894220629
580.2464831072136 581.7653240586741 567.9183536458736 569.0160252823617 566.8185563189879 567.9183536458736 580.2464831072136 581.7653240586741
584.0232303867986 585.5322747297844 564.0337790724044 565.1389957833344 562.9263924478936 564.0337790724043 584.0232303867986 585.5322747297845
585.6528966200511 587.1577525999809 562.3414641004815 563.4500003256464 561.2307383121271 562.3414641004815 585.6528966200511 587.157752599981
580.4180118973995 578.8956360313367 558.600139720493 557.4819597757906 557.4819597757906 556.3615325084567 578.8956360313367 580.4180118973997
577.7003372205766 576.1707806770175 561.4102822409973 560.297710494714 560.297710494714 559.1829251374907 576.1707806770175 577.7003372205767
574.1087628400096 572.5696118821558 565.0825718963536 563.977244612493 563.977244612493 562.8697467624299 572.5696118821556 574.1087628400097
570.3664508442308 568.8171737296971 568.7859037708888 567.6877871754588 567.835546452769 566.7355884316927 568.921451880467 570.2624369259353
567.3505941058563 565.793058912412 571.8675441030168 570.7753563164041 570.7753563164041 569.6810746003594 565.793058912412 567.3505941058564
564.4438601845701 566.0051081208213 572.1096237536332 573.1992692003555 571.0178989937407 572.1096237536332 564.44386018457 566.0051081208213
565.3645002615456 566.9232128558428 571.1998553357616 572.2912329888453 570.106388418247 571.1998553357616 565.3645002615456 566.9232128558428
568.1033108255665 569.6545294209238 568.4759635381359 569.572560558275 567.3772470766819 568.4759635381359 568.1033108255665 569.654529420924
571.8604090017925 573.4014636382623 564.6963480560901 565.8002705267846 563.5902633009082 564.6963480560901 571.8604090017924 573.4014636382624
575.3721169585801 576.9037910190937 561.11783068994 562.2287795359483 560.004677925003 561.11783068994 575.3721169585801 576.9037910190938
571.3889204578016 572.9312432925403 554.9213334239575 556.0446626929539 553.7957255782363 554.9213334239575 571.3889204578016 572.9312432925404
571.0868526388917 569.5395351845132 557.9387808649454 556.8192728100958 556.8192728100956 555.6975093991928 569.539535184513 571.0868526388919
567.920578888948 566.3646111885467 561.1613783257889 560.048312116197 560.048312116197 558.9330293370606 566.3646111885467 567.920578888948
564.0371071606858 562.470396674697 564.6266067116761 563.5203850673407 564.3977770727702 563.2911060405503 563.0921049511223 563.4164416586547
559.9269872798332 558.3487440350041 568.2661471699058 567.1670242521433 568.9120284296562 567.8141557513761 559.6026561579882 558.6738031003971
556.5700011544036 554.9822114862861 571.7305204842713 570.6380704377494 572.0206743261772 570.9287794780332 555.9877460622636 555.5655204202521
553.5346940044917 555.1266239205703 572.732334729155 573.8207976926304 571.6417992274628 572.7323347291549 553.5346940044916 555.1266239205704
554.5050847552768 556.0942367425333 571.7928783147778 572.883126223662 570.7005476352729 571.7928783147778 554.5050847552768 556.0942367425334
557.1356184670501 558.7172885131321 569.2300829596874 570.3252299930194 568.1328248974836 569.2300829596874 557.1356184670501 558.7172885131321
560.4703742890297 562.0426599240391 565.9469447353435 567.0484325660092 564.8433089229013 565.9469447353435 560.4703742890297 562.0426599240392
554.9319170960864 556.5198502576002 554.2344802228795 555.3591987967997 553.1074745902712 554.2344802228795 554.9319170960863 556.5198502576003
555.8227941618055 557.4081894165539 553.3410459834208 554.467576861194 552.2122169508099 553.3410459834207 555.8227941618055 557.408189416554
555.7063679354945 554.1161035787133 556.1731889033359 555.0501197501068 555.0501197501068 553.9247736058661 554.1161035787131 555.7063679354947
552.7039058468959 551.1049776763138 558.9270482438096 557.8095236173725 558.2702982268227 557.1514563042689 551.4347958123083 552.3748454858011
548.8854965683231 547.2754125888085 561.7961502677039 560.6843442038619 562.9057603861506 561.7961502677039 548.8854965683231 547.2754125888085
545.0475660513107 543.426111021226 565.5204271644033 564.4159573576135 566.6227441256723 565.5204271644034 545.0475660513107 543.4261110212261
542.3800168649002 540.7505631763738 568.0793255385181 566.9798404564309 569.1766867367246 568.0793255385181 542.3800168649002 540.7505631763739
540.3710850634475 542.0016796020577 567.8254913397151 568.9233421432862 567.9568601389935 569.0544574987899 541.2844630724748 541.0895122809552
542.4859889972879 544.1102456094441 566.4223189648318 567.5228841569259 565.3196111945875 566.4223189648317 542.4859889972878 544.1102456094442
550.5927835348275 552.1931948144901 558.5453234959842 559.661378888638 557.4270335917839 558.5453234959842 550.5927835348274 552.1931948144902
533.1339798511942 534.7866411857889 547.8847316672188 549.0224583879591 546.7446374439922 547.8847316672188 533.1339798511942 534.7866411857889
537.8257271042726 539.4640153467546 543.279860597459 544.4272105167893 542.130082462223 543.279860597459 537.8257271042726 539.4640153467548
537.8784557477171 536.2353233784072 545.9937529382428 544.8497018695057 544.8497018695056 543.7032435133998 536.2353233784071 537.8784557477172
532.757277448778 531.0983012172326 550.9919189339364 549.8582672927668 549.8582672927668 548.7222735500226 531.0983012172326 532.7572774487782
530.1130872721589 528.4458100679913 552.4079520495867 551.2772123599167 553.5363819189452 552.4079520495867 530.1130872721589 528.4458100679913
527.0782956338346 525.4013880924413 555.3043319267102 554.1795019993723 556.4268879887707 555.3043319267102 527.0782956338346 525.4013880924413
525.0653784312465 523.382021575392 557.2080214405478 556.0870422311531 558.3267500111273 557.2080214405478 525.0653784312465 523.382021575392
523.3924260861932 525.0757495859004 556.0772494549161 557.1982483655552 557.1982483655552 558.3169965189495 525.0757495859004 523.3924260861932
524.815351280209 526.4941253785964 554.860774426133 555.9842260505832 555.7321961487057 556.8538896843241 526.3059402976331 525.0040706556157
533.7114653071346 535.3623439494908 547.3222007791619 548.4610944142192 546.1809323341922 547.3222007791619 533.7114653071346 535.3623439494908
516.9371313699171 518.6414068581132 521.6935137242331 522.888231730486 520.4960534352194 521.6935137242331 516.9371313699171 518.6414068581132
522.3936122825438 520.7016180451149 519.1396012985261 517.9362364385165 517.9362364385165 516.7300691809961 520.7016180451149 522.3936122825439
525.4113814036306 523.7291366629007 516.0851597183608 514.8746560680844 514.8746560680843 513.661299730601 523.7291366629007 525.4113814036307
529.0515669841498 527.3809338699876 511.1335154744944 509.91125700558655 512.3528581569669 511.1335154744944 529.0515669841498 527.3809338699878
497.53508985418824 495.7582621776576 541.8596363759569 540.7068382341641 543.0099871584151 541.8596363759569 497.53508985418824 495.7582621776576
495.32149546518065 493.5366984845797 543.8838546048564 542.7353560249588 545.0299330496762 543.8838546048564 495.3214954651806 493.5366984845797
492.975415392742 494.76223714068004 543.2452293844384 544.3926522917526 544.3926522917526 545.5376618433844 494.76223714068004 492.9754153927419
493.91400032496506 495.6974388029593 542.3920166388772 543.5412406928162 543.5412406928161 544.688040032259 495.6974388029593 493.914000324965
495.01724824465487 496.79672621557626 542.5366752498721 543.6855935294618 541.3853187618662 542.5366752498721 495.0172482446548 496.79672621557626
529.419696800313 531.0839166072903 508.53555624658156 509.76111325533446 508.2808444100588 509.5070140974512 530.0797427524875 530.4251202220078
504.529443583628 503.3380961136396 485.85083117266163 484.97628043364836 484.56480426344245 483.68792827913217 503.0577935601956 504.8089289824978
506.1635182276866 504.4170854221986 484.6452819054232 483.3560474980004 483.35604749800046 482.06336516332726 504.4170854221986 506.1635182276867
510.2477625591131 508.51535677674184 479.3576508607618 478.05415678398833 480.0289746082267 478.7273084367839 509.8291303378152 508.9350696634545
509.9775889576223 508.24426226001367 479.330193706269 478.0266247586963 480.6302271172582 479.330193706269 509.9775889576223 508.2442622600137
465.54057110618083 463.64114595996006 522.5959744311564 521.400586757775 523.7886340041637 522.5959744311564 465.54057110618083 463.64114595996006
465.54057110618083 463.64114595996006 522.5959744311564 521.400586757775 523.7886340041637 522.5959744311564 465.54057110618083 463.64114595996006
465.34722079861695 463.8352074475775 522.4741928092532 521.5226190792891 523.6671297417649 522.717727680647 465.54057110618083 463.64114595996006
463.6411459599601 465.54057110618083 521.4005867577749 522.5959744311565 522.5959744311564 523.7886340041637 465.54057110618083 463.64114595996006
510.0202325025284 511.74754389321424 476.13133328576873 477.44007703248127 477.44007703248127 478.74524308558887 511.74754389321424 510.0202325025286
510.1490219351483 511.87589872955783 477.302461901598 478.6080032318978 475.9933397822164 477.302461901598 510.1490219351483 511.8758987295579
487.3857774158706 485.57181230840473 455.3695030283026 453.99714059445944 453.9971405944595 452.6206171261397 485.5718123084047 487.38577741587073
488.76436755826666 486.95553788393084 453.88949461392417 452.5126436914062 452.51264369140625 451.13159064765983 486.95553788393084 488.76436755826677
492.52260166595534 490.72762509664904 448.41920849068975 447.02550925324016 449.80858947302744 448.41920849068975 492.5226016659554 490.72762509664915
465.28732503471446 463.3868618326981 476.6193500659179 475.3083464835854 477.92675744046375 476.61935006591784 465.28732503471446 463.3868618326981
440.0453218416469 438.0353571983825 500.0184140814211 498.7689182378966 501.26479533356155 500.018414081421 440.04532184164685 438.0353571983825
440.0453218416469 438.0353571983825 500.0184140814211 498.7689182378966 501.26479533356155 500.018414081421 440.04532184164685 438.0353571983825
438.03535719838254 440.0453218416469 498.76891823789657 500.01841408142116 500.01841408142104 501.2647953335615 440.04532184164685 438.0353571983825
438.03535719838254 440.0453218416469 500.01841408142104 501.2647953335616 498.76891823789657 500.018414081421 438.0353571983825 440.04532184164685
488.4325160224444 490.23589610188634 450.91802566364385 452.2997308076762 449.53207365893337 450.91802566364385 488.4325160224444 490.2358961018864
486.00698822192 485.9984903880068 455.19676201195955 455.1903464329998 453.8238772099532 453.81744222263706 485.09401879489246 486.9097639084511
461.9964027466671 460.0823459252231 431.1190815208667 429.66927028948413 429.6692702894842 428.214550442649 460.0823459252231 461.9964027466673
464.18979971868845 462.2848245876908 428.7565374887948 427.29871029419496 427.2987102941951 425.8358923326973 462.2848245876908 464.18979971868856
467.91430694750926 466.0245567857599 423.2169175916655 421.7399420442562 424.6887565689589 423.2169175916655 467.9143069475093 466.02455678576
453.904549806827 451.9562248896836 438.20887444986806 436.7825969819795 439.630524721519 438.20887444986806 453.90454980682705 451.9562248896837
413.32664373118854 411.1860932707778 476.67330905334916 475.3624542846983 477.9805688353529 476.6733090533491 413.3266437311885 411.18609327077786
412.002632576457 412.51272521880173 475.8621187333117 476.17449581228635 477.17160085828067 477.4831212539171 413.3266437311885 411.18609327077786
411.18609327077786 413.32664373118854 476.6733090533491 477.98056883535304 475.36245428469823 476.6733090533491 411.1860932707778 413.32664373118854
462.29206230219336 464.1970077310054 425.8280349803681 427.290879841285 427.290879841285 428.748733660914 464.19700773100533 462.2920623021935
458.03544689932687 459.95802170966664 431.8506411328903 433.29315349678245 430.40329416326557 431.8506411328903 458.03544689932687 459.9580217096667
457.87567844626676 455.9443231292886 435.4930558454719 434.0578545186452 434.0578545186453 432.61789196591434 455.94432312928853 457.87567844626693
432.1756262219599 430.12888856892556 407.6941056349829 406.16068636588983 406.16068636588983 404.62145584349935 430.12888856892556 432.17562622196004
434.2808992948986 432.24413052531077 405.45080611273414 403.9088703620756 403.9088703620757 402.361025618623 432.2441305253107 434.28089929489875
436.6581177157214 434.6324891770435 401.3377172438657 399.7799177825459 402.8894934132869 401.3377172438657 436.65811771572146 434.63248917704357
384.2939928646902 381.9907876285533 452.4108930402492 451.02952843597495 452.4302915081581 451.04898631286045 383.1603175008737 383.127923646396
384.2939928646902 381.9907876285533 451.73045292261116 450.34700118616263 453.10968067120933 451.7304529226111 384.29399286469015 381.9907876285533
381.99078762855333 384.2939928646902 451.24951625593695 452.63020948840244 450.8289006417177 452.2108781023712 382.79383627696257 383.4940856041133
388.40373488357136 390.66913416638334 446.2285318749153 447.6247125433763 444.82796903853114 446.2285318749153 388.40373488357136 390.66913416638334
425.92347824081776 427.9903275023402 410.56857480084074 412.08559212169916 409.0459313985358 410.56857480084074 425.92347824081776 427.9903275023402
422.5464533821988 424.6297403440776 414.04330530135996 415.5476378048287 412.53348717961956 414.04330530136 422.5464533821988 424.6297403440776
422.55977746807173 420.7580883934064 417.40140197842214 416.11243041359563 415.9037746321311 414.6101471556281 420.6121867965406 422.70500683168166
400.1190924958486 397.90749812097965 394.5794247007636 392.99483683235286 392.9948368323529 391.4038338552521 397.9074981209796 400.11909249584863
401.44594777960333 399.24170357048126 393.2294007169644 391.6393506377073 391.6393506377073 390.042818607941 399.2417035704812 401.44594777960344
402.8009470465872 400.6041585191341 390.2455983287467 388.64334085979607 391.84130414653765 390.2455983287467 402.8009470465872 400.6041585191342
362.28032892554035 359.83624832358635 428.1275431809911 426.66756685960274 429.5825576655659 428.12754318099104 362.28032892554035 359.8362483235863
361.2522346141976 363.68679950275254 425.4693422606803 426.93341614827233 426.9334161482723 428.3924864471034 363.6867995027525 361.25223461419756
366.6938802523468 369.0925533430964 422.2687734408769 423.7439057302896 420.7884699025922 422.2687734408769 366.6938802523468 369.0925533430964
394.29128284227374 396.5230470530181 396.1318739562454 397.703962998088 395.53882747509596 397.1132642718846 394.9887168034553 395.82831653076016
391.14977242735955 393.3993589074329 399.7213709170551 401.27939766216235 398.1572475134819 399.72137091705514 391.1497724273595 393.3993589074329
389.1854912373958 391.4463663242989 401.6341273448908 403.1847626937182 400.0774820304113 401.6341273448908 389.1854912373958 391.4463663242989
390.96378225510193 388.7001002269111 403.6527363237765 402.10390562810295 402.10390562810295 400.54908600704164 388.7001002269111 390.96378225510205
367.59481557413073 365.1863049433469 379.49420712670997 377.8463611343007 377.8463611343007 376.19129708452124 365.1863049433469 367.59481557413073
368.3429078520676 365.93932098930384 378.05811584770413 376.4039828934043 377.82891399543706 376.17377318291807 366.9762055712958 367.3098813747373
354.8959973667049 352.400706338827 391.3957495078367 389.7982197400386 389.7982197400385 388.19411573619385 352.400706338827 354.89599736670493
353.6229147474719 354.16235550363723 389.69299052934775 390.03923655212157 389.11692980320817 389.46368796324305 353.44424210936995 354.34066604062747
358.05305885815557 360.5092288367745 384.61268437601706 386.23166312878027 382.9868618668633 384.61268437601706 358.05305885815557 360.5092288367745
367.1996849405647 369.5950753720266 375.89001226443565 377.54639706989053 374.22629610953277 375.89001226443565 367.1996849405646 369.5950753720266
360.5426147665085 362.98193919460374 382.27991430094335 383.90873068769156 380.6441281008269 382.27991430094335 360.54261476650845 362.98193919460374
359.1043293290388 361.5533576965685 383.6313211896922 385.2544240084034 382.0013219577269 383.6313211896922 359.10432932903876 361.5533576965685
358.3117297135674 360.7661386121661 384.3717136968835 385.9917031628748 382.74486759456494 384.3717136968835 358.3117297135674 360.7661386121661
360.50171219938863 358.0454906571046 386.23867903282115 384.61972981208436 384.61972981208436 382.99393721105145 358.0454906571046 360.50171219938863
336.7823798059586 334.1518520507718 363.84714223790877 362.1281020500828 362.12810205008276 360.4008624769054 334.1518520507718 336.7823798059586
365.7774026213695 363.3568454696175 334.6849354154179 332.8153021928598 332.8153021928598 330.9351065593174 363.35684546961744 365.7774026213696
362.57704932128615 360.1349824381497 338.09482197424967 336.2441494294015 336.353840277999 334.4935354374727 360.2074046847192 362.50510048902174
360.8462413750658 363.2835270602238 334.8776359353288 336.7358188104325 334.3312931027473 336.1924957045487 361.7097384077664 362.42377969555724
366.6505193763145 369.0494742954192 329.1832607597701 331.07340543259085 327.2822001639212 329.1832607597702 366.65051937631455 369.0494742954193
376.0881400412179 378.42727200674483 318.35818419461634 320.3122134168335 316.39208716937816 318.3581841946164 376.08814004121797 378.4272720067449
331.9425849205086 334.5904822353934 364.15428439007417 365.86380452286465 362.4367009828739 364.15428439007417 331.9425849205085 334.5904822353933
331.11063701482266 333.76513458293647 364.9109049877715 366.6168970455294 363.1968997096431 364.9109049877715 331.1106370148226 333.76513458293647
330.3279401148714 332.9886771938922 365.61957620294623 367.32227692194203 363.9089087704835 365.6195762029462 330.3279401148714 332.98867719389216
332.95542682569805 330.29442189337493 367.3524166379952 365.6498562689139 365.6498562689138 363.93933116548345 330.2944218933749 332.95542682569805
374.70868200223583 372.3461900557715 288.98293500406857 286.81554369187836 286.8155436918785 284.631648772532 372.3461900557715 374.708682002236
374.70868200223583 372.3461900557715 288.98293500406857 286.81554369187836 286.8155436918785 284.631648772532 372.3461900557715 374.708682002236
372.3461900557714 374.7086820022359 285.39485788982313 287.57295688268414 286.0561250459173 288.2292269992469 373.88680582217876 373.17145931728203
372.3461900557714 374.7086820022359 285.9257761171021 288.0998612781078 285.5254491951123 287.702559526968 373.31270791679145 373.7457741898012
372.3461900557714 374.7086820022359 286.8155436918785 288.98293500406845 284.63164877253195 286.81554369187853 372.3461900557715 374.708682002236
372.3461900557714 374.7086820022359 286.8155436918785 288.98293500406845 284.63164877253195 286.81554369187853 372.3461900557715 374.708682002236
310.4068051011522 313.2368046253644 352.9199012512781 354.68357351237705 351.14737088424 352.919901251278 310.40680510115214 313.23680462536436
309.95209324723805 312.786206900414 353.3193190924776 355.08100746769026 351.5488026201684 353.31931909247754 309.95209324723805 312.78620690041396
313.00239608407446 310.17025781910127 354.89045230471703 353.1278132868449 353.12781328684486 351.3563318007104 310.17025781910127 313.0023960840744
312.99429016991076 310.16207788858105 354.8976013055768 353.1349979712494 353.13499797124933 351.36355270838266 310.16207788858105 312.9942901699107
364.12197148670964 361.6903357854122 275.1169759849094 272.8394580239143 272.8394580239144 270.54276784731377 361.6903357854121 364.1219714867098
364.12197148670964 361.6903357854122 274.504559754498 272.2219181214342 273.455603350624 271.1641318160571 362.3477877037967 363.46772878220804
361.6903357854121 364.12197148670975 271.1149349418024 273.4068188044979 272.27091497398516 274.5531492463144 363.5196265276179 362.29572209612644
361.6903357854121 364.12197148670975 272.8394580239144 275.1169759849093 270.5427678473137 272.83945802391446 361.6903357854121 364.1219714867098
361.6903357854121 364.12197148670975 272.8394580239144 275.1169759849093 270.5427678473137 272.83945802391446 361.6903357854121 364.1219714867098
361.6903357854121 364.12197148670975 272.8394580239144 275.1169759849093 270.5427678473137 272.83945802391446 361.6903357854121 364.1219714867098
293.970690737765 296.95736753218074 344.73540845481614 346.54073708989364 342.9205756763671 344.7354084548161 293.9706907377649 296.95736753218074
293.6029559811363 296.59333586522996 345.04865322804335 346.8523514620946 343.23547671269154 345.0486532280433 293.6029559811363 296.5933358652299
296.7427404048805 293.75388144532536 346.7245399614096 344.92017336066806 344.920173360668 343.1063178824537 293.75388144532536 296.74274040488046
364.12197148670964 361.6903357854122 275.1169759849094 272.8394580239143 272.8394580239144 270.54276784731377 361.6903357854121 364.1219714867098
361.34908840787637 358.89866616414065 271.43637200809377 269.12770839996824 269.12770839996836 266.79906822985834 358.8986661641406 361.34908840787654
358.89866616414054 361.3490884078764 266.7990682298582 269.12770839996824 269.1277083999684 271.4363720080939 361.3490884078764 358.89866616414076
358.89866616414054 361.3490884078764 266.7990682298582 269.12770839996824 269.1277083999684 271.4363720080939 361.3490884078764 358.89866616414076
358.89866616414054 361.3490884078764 269.12770839996836 271.43637200809366 266.7990682298582 269.12770839996847 358.8986661641406 361.34908840787654
358.89866616414054 361.3490884078764 269.12770839996836 271.43637200809366 266.7990682298582 269.12770839996847 358.8986661641406 361.34908840787654
358.89866616414054 361.3490884078764 269.12770839996836 271.43637200809366 266.7990682298582 269.12770839996847 358.8986661641406 361.34908840787654
333.4833065463829 336.1190664986336 300.04476375685823 302.1172634561069 297.95784875987243 300.0447637568583 333.4833065463829 336.11906649863363
361.34908840787637 358.89866616414065 271.43637200809377 269.12770839996824 269.12770839996836 266.79906822985834 358.8986661641406 361.34908840787654
361.34908840787637 358.89866616414065 271.43637200809377 269.12770839996824 269.12770839996836 266.79906822985834 358.8986661641406 361.34908840787654
361.34908840787637 358.89866616414065 271.43637200809377 269.12770839996824 269.12770839996836 266.79906822985834 358.8986661641406 361.34908840787654
364.953609665082 363.3695728295726 274.11167084550243 272.6195619201645 276.37870524700514 274.89890171086597 365.3720670663831 362.9488066843004
362.94880668430017 365.3720670663832 272.22293530758725 274.5055684822744 274.5055684822745 276.76937646364456 365.3720670663831 362.9488066843004
362.94880668430017 365.3720670663832 274.09826380309767 276.3654081830256 272.6330416794395 274.9122697074121 363.38387519207987 364.9393688221458
362.94880668430017 365.3720670663832 274.5055684822745 276.7693764636444 272.22293530758725 274.5055684822746 362.9488066843002 365.3720670663833
362.94880668430017 365.3720670663832 274.5055684822745 276.7693764636444 272.22293530758725 274.5055684822746 362.9488066843002 365.3720670663833
362.94880668430017 365.3720670663832 274.5055684822745 276.7693764636444 272.22293530758725 274.5055684822746 362.9488066843002 365.3720670663833
363.31242114684545 365.0105043780745 274.84548248111105 276.43182818839165 272.5656959706721 274.16523305349773 362.9488066843002 365.3720670663833
365.3720670663831 362.9488066843003 276.7693764636445 274.5055684822744 274.5055684822745 272.22293530758736 362.9488066843002 365.3720670663833
364.2616956758518 364.06318233140826 275.73250618590913 275.5470557060786 273.46011472839064 273.27312214703994 362.9488066843002 365.3720670663833
364.59930020674597 363.72508018374293 274.76814294247083 273.94763431518965 275.0623709427817 274.2427426195621 364.3194812374139 364.00535608260054
371.76180214136343 374.127984318466 283.86674297161966 286.0564776151964 286.05647761519657 288.2295769103361 374.127984318466 371.7618021413636
371.76180214136343 374.127984318466 283.86674297161966 286.0564776151964 286.05647761519657 288.2295769103361 374.127984318466 371.7618021413636
371.76180214136343 374.127984318466 286.05647761519657 288.2295769103359 283.86674297161966 286.0564776151966 371.76180214136343 374.12798431846613
371.76180214136343 374.127984318466 286.05647761519657 288.2295769103359 283.86674297161966 286.0564776151966 371.76180214136343 374.12798431846613
371.76180214136343 374.127984318466 286.05647761519657 288.2295769103359 283.86674297161966 286.0564776151966 371.76180214136343 374.12798431846613
371.76180214136343 374.127984318466 286.05647761519657 288.2295769103359 283.86674297161966 286.0564776151966 371.76180214136343 374.12798431846613
374.1279843184659 371.7618021413635 288.22957691033605 286.0564776151964 286.05647761519657 283.8667429716197 371.76180214136343 374.12798431846613
371.76180214136343 374.127984318466 286.05647761519657 288.2295769103359 283.86674297161966 286.0564776151966 371.76180214136343 374.12798431846613
371.76180214136343 374.127984318466 285.86027288989465 288.0348524692503 284.06432464187407 286.2525478568565 371.9751743746944 373.91584057179017
371.76180214136343 374.127984318466 283.86674297161966 286.0564776151964 286.05647761519657 288.2295769103361 374.127984318466 371.7618021413636
383.80902092569085 386.10138003216395 299.470958154307 301.54740157752394 301.54740157752406 303.60964414598965 386.1013800321639 383.809020925691
383.80902092569085 386.10138003216395 299.97135231328986 302.04435573101125 301.0496270838936 303.11525627663366 385.5516460812509 384.36124728010344
383.80902092569085 386.10138003216395 301.54740157752406 303.60964414598953 299.470958154307 301.54740157752417 383.80902092569085 386.10138003216406
383.80902092569085 386.10138003216395 301.54740157752406 303.60964414598953 299.470958154307 301.54740157752417 383.80902092569085 386.10138003216406
383.80902092569085 386.10138003216395 301.54740157752406 303.60964414598953 299.470958154307 301.54740157752417 383.80902092569085 386.10138003216406
386.10138003216383 383.8090209256909 303.6096441459896 301.547401577524 301.54740157752406 299.4709581543071 383.80902092569085 386.10138003216406
384.2598827733471 385.65267106256687 301.9531445473287 303.2061178713104 299.87951060671367 301.1411119297616 383.80902092569085 386.10138003216406
384.69574011802433 385.21789644527723 302.34531887253235 302.8150583648008 300.2743932203267 300.74736732377215 383.80902092569085 386.10138003216406
383.80902092569085 386.10138003216395 299.470958154307 301.54740157752394 301.54740157752406 303.60964414598965 386.1013800321639 383.809020925691
383.80902092569085 386.10138003216395 299.470958154307 301.54740157752394 301.54740157752406 303.60964414598965 386.1013800321639 383.809020925691
394.59846600092214 396.8285026167917 313.17956447412445 315.16570280488975 315.16570280488986 317.1394028574785 396.82850261679164 394.5984660009224
394.59846600092214 396.8285026167917 315.16570280488986 317.1394028574784 313.17956447412445 315.1657028048899 394.5984660009222 396.8285026167918
394.59846600092214 396.8285026167917 315.16570280488986 317.1394028574784 313.17956447412445 315.1657028048899 394.5984660009222 396.8285026167918
394.59846600092214 396.8285026167917 315.16570280488986 317.1394028574784 313.17956447412445 315.1657028048899 394.5984660009222 396.8285026167918
395.1478660243471 396.2814326154717 315.6520622763696 316.6553278408134 313.66900356749824 314.6785916291022 394.5984660009222 396.8285026167918
394.59846600092214 396.8285026167917 315.16570280488986 317.1394028574784 313.17956447412445 315.1657028048899 394.5984660009222 396.8285026167918
396.3262496888055 395.10291528533753 316.5853284835909 315.5022373643516 314.8288085088285 313.7396535950424 394.72288859145465 396.70474043220634
395.1321235116703 396.2971294729803 313.6549803345813 314.69256924817245 315.6381271471881 316.6692182077598 396.82850261679164 394.5984660009224
394.59846600092214 396.8285026167917 313.17956447412445 315.16570280488975 315.16570280488986 317.1394028574785 396.82850261679164 394.5984660009224
394.59846600092214 396.8285026167917 313.17956447412445 315.16570280488975 315.16570280488986 317.1394028574785 396.82850261679164 394.5984660009224
406.80037628818354 408.9638825947982 328.4205176022489 330.31502690980756 330.3150269098076 332.19873212088703 408.9638825947981 406.8003762881837
406.80037628818354 408.9638825947982 330.3150269098076 332.1987321208869 328.4205176022489 330.3150269098077 406.8003762881836 408.96388259479824
406.80037628818354 408.9638825947982 330.3150269098076 332.1987321208869 328.4205176022489 330.3150269098077 406.8003762881836 408.96388259479824
406.80037628818354 408.9638825947982 330.3150269098076 332.1987321208869 328.4205176022489 330.3150269098077 406.8003762881836 408.96388259479824
406.80037628818354 408.9638825947982 330.3150269098076 332.1987321208869 328.4205176022489 330.3150269098077 406.8003762881836 408.96388259479824
408.963882594798 406.80037628818366 331.80295820341877 329.9169932759477 330.7125814852107 328.8203627093588 407.25691371074026 408.509252832812
408.963882594798 406.80037628818366 330.31502690980767 328.42051760224876 332.198732120887 330.31502690980767 408.9638825947981 406.8003762881837
407.40898457804207 408.3575917015726 328.95354114913783 329.7842039121923 330.8449982315818 331.67092391449756 408.9638825947981 406.8003762881837
406.80037628818354 408.9638825947982 328.4205176022489 330.31502690980756 330.3150269098076 332.19873212088703 408.9638825947981 406.8003762881837
406.80037628818354 408.9638825947982 328.4205176022489 330.31502690980756 330.3150269098076 332.19873212088703 408.9638825947981 406.8003762881837
414.05608806850455 416.1818775312031 337.36617243066104 339.2107234755593 339.21072347555935 341.0452983712139 416.181877531203 414.0560880685047
414.05608806850455 416.1818775312031 339.21072347555935 341.0452983712138 337.36617243066104 339.21072347555946 414.05608806850455 416.18187753120316
414.05608806850455 416.1818775312031 339.21072347555935 341.0452983712138 337.36617243066104 339.21072347555946 414.05608806850455 416.18187753120316
414.05608806850455 416.1818775312031 339.21072347555935 341.0452983712138 337.36617243066104 339.21072347555946 414.05608806850455 416.18187753120316
416.18187753120293 414.0560880685046 341.0149571088041 339.18021810185445 339.2412261061489 337.39684181940015 414.0914278357019 416.1467152879863
416.18187753120293 414.0560880685046 339.2107234755594 337.3661724306609 341.04529837121385 339.2107234755594 416.181877531203 414.0560880685047
416.18187753120293 414.0560880685046 339.2107234755594 337.3661724306609 341.04529837121385 339.2107234755594 416.181877531203 414.0560880685047
414.05608806850455 416.1818775312031 337.36617243066104 339.2107234755593 339.21072347555935 341.0452983712139 416.181877531203 414.0560880685047
414.05608806850455 416.1818775312031 337.36617243066104 339.2107234755593 339.21072347555935 341.0452983712139 416.181877531203 414.0560880685047
414.05608806850455 416.1818775312031 337.36617243066104 339.2107234755593 339.21072347555935 341.0452983712139 416.181877531203 414.0560880685047
418.87106872506394 420.9725446316914 343.25859413683816 345.07164918187124 345.0716491818713 346.87522784049366 420.9725446316913 418.87106872506416
418.87106872506394 420.9725446316914 345.0716491818713 346.8752278404935 343.25859413683816 345.0716491818714 418.871068725064 420.97254463169145
418.87106872506394 420.9725446316914 345.0716491818713 346.8752278404935 343.25859413683816 345.0716491818714 418.871068725064 420.97254463169145
420.9725446316912 418.87106872506405 346.8752278404936 345.0716491818712 345.07164918187135 343.2585941368382 418.871068725064 420.97254463169145
420.9725446316912 418.87106872506405 345.07164918187135 343.25859413683804 346.8752278404936 345.07164918187135 420.9725446316913 418.87106872506416
420.9725446316912 418.87106872506405 345.07164918187135 343.25859413683804 346.8752278404936 345.07164918187135 420.9725446316913 418.87106872506416
420.9725446316912 418.87106872506405 345.07164918187135 343.25859413683804 346.8752278404936 345.07164918187135 420.9725446316913 418.87106872506416
418.87106872506394 420.9725446316914 343.25859413683816 345.07164918187124 345.0716491818713 346.87522784049366 420.9725446316913 418.87106872506416
418.87106872506394 420.9725446316914 343.25859413683816 345.07164918187124 345.0716491818713 346.87522784049366 420.9725446316913 418.87106872506416
418.87106872506394 420.9725446316914 343.25859413683816 345.07164918187124 345.0716491818713 346.87522784049366 420.9725446316913 418.87106872506416
420.9546334760117 423.0457594205708 346.1031171642195 347.90134856175433 347.2941120537429 349.08620838912503 422.69280902930706 421.3090400211757
420.9546334760117 423.0457594205708 347.5978629093431 349.38840123770615 345.7980533184718 347.59786290934323 420.9546334760117 423.04575942057085
422.6945310502587 421.30731233726834 349.08768278996365 347.8998691332271 347.29559406270675 346.1016300490635 420.9546334760117 423.04575942057085
423.0457594205706 420.95463347601174 347.5978629093432 345.79805331847166 349.3884012377062 347.5978629093432 423.0457594205707 420.95463347601185
423.0457594205706 420.95463347601174 347.5978629093432 345.79805331847166 349.3884012377062 347.5978629093432 423.0457594205707 420.95463347601185
423.0457594205706 420.95463347601174 347.5978629093432 345.79805331847166 349.3884012377062 347.5978629093432 423.0457594205707 420.95463347601185
420.9546334760117 423.0457594205708 345.7980533184718 347.59786290934306 347.5978629093431 349.38840123770626 423.0457594205707 420.95463347601185
420.9546334760117 423.0457594205708 345.7980533184718 347.59786290934306 347.5978629093431 349.38840123770626 423.0457594205707 420.95463347601185
420.9546334760117 423.0457594205708 345.7980533184718 347.59786290934306 347.5978629093431 349.38840123770626 423.0457594205707 420.95463347601185
420.9546334760117 423.0457594205708 345.7980533184718 347.59786290934306 347.5978629093431 349.38840123770626 423.0457594205707 420.95463347601185
421.8704657204746 423.9570744379839 347.6154764648902 349.4059245322129 348.00549033693153 349.7939420929786 423.14180219879626 422.68819009428137
422.774799879989 423.05526754746785 349.21089651084736 349.450991928145 347.9602357214027 348.2011935087945 422.18550615842764 423.64335142071656
423.95707443798386 421.87046572047467 348.7064104679313 346.91235215992435 350.4912856573288 348.7064104679313 423.9570744379839 421.8704657204748
423.95707443798386 421.87046572047467 348.7064104679313 346.91235215992435 350.4912856573288 348.7064104679313 423.9570744379839 421.8704657204748
423.95707443798386 421.87046572047467 348.7064104679313 346.91235215992435 350.4912856573288 348.7064104679313 423.9570744379839 421.8704657204748
423.95707443798386 421.87046572047467 348.7064104679313 346.91235215992435 350.4912856573288 348.7064104679313 423.9570744379839 421.8704657204748
421.8704657204746 423.9570744379839 346.91235215992447 348.70641046793116 348.7064104679312 350.49128565732883 423.9570744379839 421.8704657204748
421.8704657204746 423.9570744379839 346.91235215992447 348.70641046793116 348.7064104679312 350.49128565732883 423.9570744379839 421.8704657204748
421.8704657204746 423.9570744379839 346.91235215992447 348.70641046793116 348.7064104679312 350.49128565732883 423.9570744379839 421.8704657204748
421.8704657204746 423.9570744379839 346.96106126693354 348.7548690065483 348.6579451942605 350.44306722687764 423.90069997653757 421.9271114453609
422.39676410583974 424.4807857204947 349.3429506678267 351.1245901408807 347.55217818480975 349.3429506678268 422.39676410583974 424.48078572049474
424.48078572049457 422.3967641058398 350.16814581138874 348.3816150727361 350.30164807194257 348.51580168138895 423.51813005208425 423.361969584136
424.48078572049457 422.3967641058398 349.34295066782676 347.55217818480963 351.12459014088074 349.34295066782676 424.4807857204946 422.39676410583985
424.48078572049457 422.3967641058398 349.34295066782676 347.55217818480963 351.12459014088074 349.34295066782676 424.4807857204946 422.39676410583985
424.48078572049457 422.3967641058398 349.34295066782676 347.55217818480963 351.12459014088074 349.34295066782676 424.4807857204946 422.39676410583985
423.99182434158377 422.88756976821685 348.9228275026245 347.9739561948323 350.7066012676752 349.7625691954201 424.4807857204946 422.39676410583985
422.39676410583974 424.4807857204947 347.55217818480975 349.34295066782664 349.3429506678267 351.1245901408808 424.4807857204946 422.39676410583985
422.39676410583974 424.4807857204947 347.55217818480975 349.34295066782664 349.3429506678267 351.1245901408808 424.4807857204946 422.39676410583985
422.39676410583974 424.4807857204947 347.55217818480975 349.34295066782664 349.3429506678267 351.1245901408808 424.4807857204946 422.39676410583985
422.39676410583974 424.4807857204947 349.3057845622109 351.08761263952266 347.58953179531693 349.3801128198134 422.4402299390394 424.4375288567501
424.3572141376379 422.2725826665202 350.9751922093215 349.1927904840995 349.19279048409965 347.40124396117875 422.2725826665202 424.3572141376381
424.3572141376379 422.2725826665202 349.3620866185773 347.5714127286482 350.8066745459045 349.02341223141224 424.16010722445554 422.47057021980686
424.3572141376379 422.2725826665202 349.19279048409965 347.4012439611786 350.9751922093215 349.19279048409965 424.357214137638 422.2725826665203
424.3572141376379 422.2725826665202 349.19279048409965 347.4012439611786 350.9751922093215 349.19279048409965 424.357214137638 422.2725826665203
424.3572141376379 422.2725826665202 349.19279048409965 347.4012439611786 350.9751922093215 349.19279048409965 424.357214137638 422.2725826665203
422.2725826665201 424.35721413763804 347.4012439611787 349.19279048409953 349.1927904840996 350.97519220932156 424.357214137638 422.2725826665203
422.2725826665201 424.35721413763804 347.4012439611787 349.19279048409953 349.1927904840996 350.97519220932156 424.357214137638 422.2725826665203
422.2725826665201 424.35721413763804 347.4012439611787 349.19279048409953 349.1927904840996 350.97519220932156 424.357214137638 422.2725826665203
422.2725826665201 424.35721413763804 348.49286164774145 350.2788249947885 348.1033677119697 349.89131917312943 423.08951465903965 423.5427272992521
423.55217839440826 423.0800532285369 350.2869057196276 349.883229312025 348.5009837838818 348.09523629821956 422.2725826665202 424.3572141376381
423.0525242231791 420.961431882779 349.3965921518363 347.6060960153298 347.6060960153299 345.80632927510294 420.961431882779 423.0525242231793
423.0525242231791 420.961431882779 347.6060960153299 345.80632927510277 349.3965921518363 347.6060960153299 423.05252422317915 420.9614318827791
423.0525242231791 420.961431882779 347.6060960153299 345.80632927510277 349.3965921518363 347.6060960153299 423.05252422317915 420.9614318827791
423.0525242231791 420.961431882779 347.6060960153299 345.80632927510277 349.3965921518363 347.6060960153299 423.05252422317915 420.9614318827791
422.9932871875258 421.0209547976139 347.5551175606426 345.85756549647346 349.3458749762046 347.6570669948267 423.05252422317915 420.9614318827791
420.9614318827789 423.05252422317926 345.8063292751029 347.6060960153298 347.60609601532985 349.39659215183633 423.05252422317915 420.9614318827791
420.9614318827789 423.05252422317926 345.8063292751029 347.6060960153298 347.60609601532985 349.39659215183633 423.05252422317915 420.9614318827791
420.9614318827789 423.05252422317926 345.8063292751029 347.6060960153298 347.60609601532985 349.39659215183633 423.05252422317915 420.9614318827791
420.9614318827789 423.05252422317926 347.60609601532985 349.3965921518362 345.8063292751029 347.60609601532997 420.961431882779 423.0525242231793
423.0525242231791 420.961431882779 349.3965921518363 347.6060960153298 347.6060960153299 345.80632927510294 420.961431882779 423.0525242231793
420.27925188527115 418.17429194827275 344.2255209897407 342.40798571347665 346.0335098237688 344.2255209897407 420.2792518852712 418.1742919482728
420.27925188527115 418.17429194827275 344.2255209897407 342.40798571347665 346.0335098237688 344.2255209897407 420.2792518852712 418.1742919482728
420.27925188527115 418.17429194827275 344.2255209897407 342.40798571347665 346.0335098237688 344.2255209897407 420.2792518852712 418.1742919482728
420.27925188527115 418.17429194827275 344.2255209897407 342.40798571347665 346.0335098237688 344.2255209897407 420.2792518852712 418.1742919482728
418.9930856373518 419.46296880627403 343.1150350870193 343.5207572742182 344.9288447246248 345.33243592015845 420.2792518852712 418.1742919482728
418.17429194827264 420.27925188527126 342.40798571347676 344.2255209897406 344.22552098974063 346.03350982376884 420.2792518852712 418.1742919482728
418.17429194827264 420.27925188527126 342.40798571347676 344.2255209897406 344.22552098974063 346.03350982376884 420.2792518852712 418.1742919482728
418.17429194827264 420.27925188527126 344.22552098974063 346.03350982376867 342.40798571347676 344.22552098974074 418.1742919482727 420.2792518852714
420.27925188527115 418.17429194827275 344.2255209897407 342.40798571347665 346.0335098237688 344.2255209897407 420.2792518852712 418.1742919482728
420.27925188527115 418.17429194827275 344.2255209897407 342.40798571347665 346.0335098237688 344.2255209897407 420.2792518852712 418.1742919482728
418.1359355588442 416.02013110769764 341.60535760008963 339.7738067020281 343.4271406883605 341.60535760008963 418.13593555884427 416.0201311076977
418.1359355588442 416.02013110769764 341.60535760008963 339.7738067020281 343.4271406883605 341.60535760008963 418.13593555884427 416.0201311076977
418.1359355588442 416.02013110769764 341.60535760008963 339.7738067020281 343.4271406883605 341.60535760008963 418.13593555884427 416.0201311076977
418.1359355588442 416.02013110769764 341.60535760008963 339.7738067020281 343.4271406883605 341.60535760008963 418.13593555884427 416.0201311076977
416.0201311076976 418.1359355588443 339.7738067020282 341.6053576000895 341.6053576000896 343.42714068836057 418.13593555884427 416.0201311076977
416.0201311076976 418.1359355588443 339.7738067020282 341.6053576000895 341.6053576000896 343.42714068836057 418.13593555884427 416.0201311076977
416.0201311076976 418.1359355588443 341.6053576000896 343.42714068836045 339.7738067020282 341.6053576000897 416.02013110769764 418.1359355588444
416.0201311076976 418.1359355588443 339.7738067020282 341.6053576000895 341.6053576000896 343.42714068836057 418.13593555884427 416.0201311076977
418.1359355588442 416.02013110769764 341.60535760008963 339.7738067020281 343.4271406883605 341.60535760008963 418.13593555884427 416.0201311076977
418.1359355588442 416.02013110769764 341.60535760008963 339.7738067020281 343.4271406883605 341.60535760008963 418.13593555884427 416.0201311076977
401.7055337537454 399.5027218049678 321.28475778318 319.33667963999795 323.22109492434817 321.28475778318 401.70553375374544 399.5027218049679
401.7055337537454 399.5027218049678 321.28475778318 319.33667963999795 323.22109492434817 321.28475778318 401.70553375374544 399.5027218049679
401.7055337537454 399.5027218049678 321.28475778318 319.33667963999795 323.22109492434817 321.28475778318 401.70553375374544 399.5027218049679
401.5360469817513 399.6730708369376 321.13491074487354 319.4873700918041 323.072145997478 321.4345349654816 401.70553375374544 399.5027218049679
399.50272180496773 401.70553375374544 319.33667963999807 321.2847577831799 321.28475778317994 323.2210949243483 401.70553375374544 399.5027218049679
399.50272180496773 401.70553375374544 319.33667963999807 321.2847577831799 321.28475778317994 323.2210949243483 401.70553375374544 399.5027218049679
399.50272180496773 401.70553375374544 319.33667963999807 321.2847577831799 321.28475778317994 323.2210949243483 401.70553375374544 399.5027218049679
401.7055337537454 399.5027218049678 321.53324012096584 319.58667663466315 322.9739111525952 321.03608311980537 401.4242706227215 399.7853368158656
401.7055337537454 399.5027218049678 321.28475778318 319.33667963999795 323.22109492434817 321.28475778318 401.70553375374544 399.5027218049679
401.7055337537454 399.5027218049678 321.28475778318 319.33667963999795 323.22109492434817 321.28475778318 401.70553375374544 399.5027218049679
374.1663678354374 371.8004299356846 286.1066768787108 283.91732940114997 288.2793977634838 286.10667687871086 374.1663678354375 371.8004299356847
374.1663678354374 371.8004299356846 286.1066768787108 283.91732940114997 288.2793977634838 286.10667687871086 374.1663678354375 371.8004299356847
374.1663678354374 371.8004299356846 286.1066768787108 283.91732940114997 288.2793977634838 286.10667687871086 374.1663678354375 371.8004299356847
371.80042993568446 374.1663678354375 283.9173294011501 286.1066768787107 286.10667687871086 288.27939776348387 374.1663678354375 371.8004299356847
371.80042993568446 374.1663678354375 283.9173294011501 286.1066768787107 286.10667687871086 288.27939776348387 374.1663678354375 371.8004299356847
371.80042993568446 374.1663678354375 283.9173294011501 286.1066768787107 286.10667687871086 288.27939776348387 374.1663678354375 371.8004299356847
374.0051812964382 371.96257188451386 287.5532431190121 285.67365008122187 286.5390492732703 284.6527594823146 372.43295878912176 373.53677426339726
374.1663678354374 371.8004299356846 288.27939776348376 286.1066768787107 286.1066768787108 283.9173294011502 371.8004299356845 374.1663678354376
374.1663678354374 371.8004299356846 286.1066768787108 283.91732940114997 288.2793977634838 286.10667687871086 374.1663678354375 371.8004299356847
374.1663678354374 371.8004299356846 286.1066768787108 283.91732940114997 288.2793977634838 286.10667687871086 374.1663678354375 371.8004299356847
346.4433897072039 343.886770831641 248.75606928722908 246.23485006581578 251.25199029566033 248.75606928722917 346.44338970720395 343.8867708316411
346.4433897072039 343.886770831641 248.75606928722908 246.23485006581578 251.25199029566033 248.75606928722917 346.44338970720395 343.8867708316411
346.4433897072039 343.886770831641 248.75606928722908 246.23485006581578 251.25199029566033 248.75606928722917 346.44338970720395 343.8867708316411
343.8867708316409 346.443389707204 246.23485006581595 248.75606928722894 248.7560692872291 251.2519902956604 346.44338970720395 343.8867708316411
343.8867708316409 346.443389707204 246.23485006581595 248.75606928722894 248.7560692872291 251.2519902956604 346.44338970720395 343.8867708316411
343.8868029537447 346.443357822146 247.93744007284565 250.44145736345158 247.0591840999558 249.57201330395512 344.72186402318687 345.6124562124616
346.4433897072039 343.886770831641 251.2519902956603 248.75606928722897 248.75606928722908 246.23485006581603 343.88677083164094 346.4433897072041
346.4433897072039 343.886770831641 250.78488579399706 248.28426918032926 249.2269762526825 246.71056943665252 344.3686243613316 345.96442588843627
346.4433897072039 343.886770831641 248.75606928722908 246.23485006581578 251.25199029566033 248.75606928722917 346.44338970720395 343.8867708316411
346.4433897072039 343.886770831641 248.75606928722908 246.23485006581578 251.25199029566033 248.75606928722917 346.44338970720395 343.8867708316411
324.3004448261239 321.56782705304624 216.85787569243823 213.9611124235875 219.71645106849616 216.8578756924383 324.30044482612396 321.56782705304636
324.3004448261239 321.56782705304624 216.85787569243823 213.9611124235875 219.71645106849616 216.8578756924383 324.30044482612396 321.56782705304636
321.56782705304613 324.300444826124 213.96111242358768 216.85787569243806 216.85787569243826 219.71645106849624 324.30044482612396 321.56782705304636
321.56782705304613 324.300444826124 213.96111242358768 216.85787569243806 216.85787569243826 219.71645106849624 324.30044482612396 321.56782705304636
321.56782705304613 324.300444826124 216.85787569243823 219.71645106849599 213.96111242358768 216.8578756924383 321.5678270530462 324.30044482612414
324.3004448261239 321.56782705304624 219.71645106849613 216.85787569243809 216.85787569243823 213.9611124235878 321.5678270530462 324.30044482612414
324.3004448261239 321.56782705304624 219.71645106849613 216.85787569243809 216.85787569243823 213.9611124235878 321.5678270530462 324.30044482612414
324.3004448261239 321.56782705304624 219.71645106849613 216.85787569243809 216.85787569243823 213.9611124235878 321.5678270530462 324.30044482612414
324.3004448261239 321.56782705304624 216.85787569243823 213.9611124235875 219.71645106849616 216.8578756924383 324.30044482612396 321.56782705304636
324.3004448261239 321.56782705304624 216.85787569243823 213.9611124235875 219.71645106849616 216.8578756924383 324.30044482612396 321.56782705304636
305.9619238493167 303.06399939084 188.33283988988808 184.98994016078896 191.61742927324775 188.33283988988822 305.96192384931675 303.06399939084014
304.28302253840286 304.74961651696947 186.3995672303741 186.93779146553473 189.71763039835974 190.24646776828666 305.96192384931675 303.06399939084014
303.0639993908399 305.9619238493168 184.98994016078913 188.3328398898879 188.33283988988808 191.61742927324784 305.96192384931675 303.06399939084014
303.0639993908399 305.9619238493168 188.33283988988808 191.61742927324755 184.98994016078916 188.33283988988822 303.06399939083997 305.9619238493169
303.13859200775187 305.8880197194782 188.4177080411521 191.53397891444067 185.076341230269 188.24793347736818 303.06399939083997 305.9619238493169
305.9619238493167 303.06399939084 191.61742927324775 188.3328398898879 188.3328398898881 184.98994016078927 303.06399939083997 305.9619238493169
305.9619238493167 303.06399939084 191.61742927324775 188.3328398898879 188.3328398898881 184.98994016078927 303.06399939083997 305.9619238493169
305.9619238493167 303.06399939084 191.61742927324775 188.3328398898879 188.3328398898881 184.98994016078927 303.06399939083997 305.9619238493169
305.9619238493167 303.06399939084 188.33283988988808 184.98994016078896 191.61742927324775 188.33283988988822 305.96192384931675 303.06399939084014
305.9619238493167 303.06399939084 188.33283988988808 184.98994016078896 191.61742927324775 188.33283988988822 305.96192384931675 303.06399939084014
292.3978890687967 291.27790482188004 165.8789234386311 164.47971333112693 169.59893237121838 168.23066521234375 293.34642872218217 290.3226069827397
290.3226069827395 293.3464287221822 164.1189271105464 167.87794035016825 166.2358899357541 169.94808537618206 292.68444784579265 290.98996092394003
290.3226069827395 293.3464287221822 167.0589326539393 170.75323598623612 163.28106552560087 167.05893265393945 290.32260698273956 293.34642872218234
290.3226069827395 293.3464287221822 167.0589326539393 170.75323598623612 163.28106552560087 167.05893265393945 290.32260698273956 293.34642872218234
293.3464287221821 290.3226069827396 170.75323598623632 167.05893265393914 167.05893265393937 163.281065525601 290.32260698273956 293.34642872218234
293.3464287221821 290.3226069827396 170.75323598623632 167.05893265393914 167.05893265393937 163.281065525601 290.32260698273956 293.34642872218234
293.3464287221821 290.3226069827396 170.75323598623632 167.05893265393914 167.05893265393937 163.281065525601 290.32260698273956 293.34642872218234
293.3464287221821 290.3226069827396 170.75323598623632 167.05893265393914 167.05893265393937 163.281065525601 290.32260698273956 293.34642872218234
293.3464287221821 290.3226069827396 167.05893265393934 163.28106552560067 170.75323598623635 167.05893265393948 293.34642872218217 290.3226069827397
293.3464287221821 290.3226069827396 167.05893265393934 163.28106552560067 170.75323598623635 167.05893265393948 293.34642872218217 290.3226069827397
279.8399982414513 282.9758571584855 148.0942114668723 152.24938781582176 143.81903507427947 148.09421146687245 279.8399982414514 282.97585715848567
279.8399982414513 282.9758571584855 148.0942114668723 152.24938781582176 143.81903507427947 148.09421146687245 279.8399982414514 282.97585715848567
279.8399982414513 282.9758571584855 148.0942114668723 152.24938781582176 143.81903507427947 148.09421146687245 279.8399982414514 282.97585715848567
280.83539268379036 281.98801848038926 149.42063757620707 150.94782087399267 145.18452504789332 146.75579718126713 279.8399982414514 282.97585715848567
282.9758571584854 279.83999824145144 152.24938781582202 148.0942114668721 148.09421146687234 143.81903507427964 279.8399982414514 282.97585715848567
282.9758571584854 279.83999824145144 152.24938781582202 148.0942114668721 148.09421146687234 143.81903507427964 279.8399982414514 282.97585715848567
282.9758571584854 279.83999824145144 152.24938781582202 148.0942114668721 148.09421146687234 143.81903507427964 279.8399982414514 282.97585715848567
282.9758571584854 279.83999824145144 152.24938781582202 148.0942114668721 148.09421146687234 143.81903507427964 279.8399982414514 282.97585715848567
282.9758571584854 279.83999824145144 152.15913874745476 148.00142865550063 148.18693618507703 143.9145143327186 279.90940805800847 282.9071996803378
279.8399982414513 282.9758571584855 148.0942114668723 152.24938781582176 143.81903507427947 148.09421146687245 279.8399982414514 282.97585715848567
266.8289145858499 270.1158654686297 121.73389221281788 126.75614830681691 116.49532133516819 121.73389221281805 266.82891458585 270.1158654686298
266.8289145858499 270.1158654686297 121.73389221281788 126.75614830681691 116.49532133516819 121.73389221281805 266.82891458585 270.1158654686298
266.8289145858499 270.1158654686297 121.73389221281788 126.75614830681691 116.49532133516819 121.73389221281805 266.82891458585 270.1158654686298
270.11586546862964 266.82891458585 126.75614830681721 121.73389221281762 121.73389221281792 116.49532133516838 266.82891458585 270.1158654686298
270.11586546862964 266.82891458585 126.75614830681721 121.73389221281762 121.73389221281792 116.49532133516838 266.82891458585 270.1158654686298
270.11586546862964 266.82891458585 126.75614830681721 121.73389221281762 121.73389221281792 116.49532133516838 266.82891458585 270.1158654686298
270.11586546862964 266.82891458585 126.75614830681721 121.73389221281762 121.73389221281792 116.49532133516838 266.82891458585 270.1158654686298
270.11586546862964 266.82891458585 126.75614830681721 121.73389221281762 121.73389221281792 116.49532133516838 266.82891458585 270.1158654686298
266.8289145858499 270.1158654686297 121.73389221281788 126.75614830681691 116.49532133516819 121.73389221281805 266.82891458585 270.1158654686298
266.8289145858499 270.1158654686297 121.73389221281788 126.75614830681691 116.49532133516819 121.73389221281805 266.82891458585 270.1158654686298
250.2675445164029 253.7690977189181 79.09054742817814 86.62156378631536 70.762518837242 79.09054742817843 250.26754451640298 253.7690977189182
250.2675445164029 253.7690977189181 79.09054742817814 86.62156378631536 70.762518837242 79.09054742817843 250.26754451640298 253.7690977189182
251.46281070402256 252.58474543839029 81.7273979081606 84.13823409388138 73.6979439912739 76.36269911507203 250.26754451640298 253.7690977189182
253.76909771891798 250.267544516403 86.6215637863158 79.09054742817776 79.09054742817821 70.76251883724233 250.26754451640298 253.7690977189182
253.76909771891798 250.267544516403 86.6215637863158 79.09054742817776 79.09054742817821 70.76251883724233 250.26754451640298 253.7690977189182
253.76909771891798 250.267544516403 86.6215637863158 79.09054742817776 79.09054742817821 70.76251883724233 250.26754451640298 253.7690977189182
253.76909771891798 250.267544516403 86.6215637863158 79.09054742817776 79.09054742817821 70.76251883724233 250.26754451640298 253.7690977189182
250.90804298385618 253.13583855581354 80.51271652265568 85.30130411323196 72.34857912605916 77.64233293197935 250.26754451640298 253.7690977189182
250.2675445164029 253.7690977189181 79.09054742817814 86.62156378631536 70.762518837242 79.09054742817843 250.26754451640298 253.7690977189182
250.2675445164029 253.7690977189181 79.09054742817814 86.62156378631536 70.762518837242 79.09054742817843 250.26754451640298 253.7690977189182
222.59389430221265 226.52362547740734 0.0 0.0 0.0 0.0 222.59389430221273 226.52362547740748
222.59389430221265 226.52362547740734 0.0 0.0 0.0 0.0 222.59389430221273 226.52362547740748
226.52362547740722 222.59389430221276 0.0 0.0 0.0 0.0 222.59389430221273 226.52362547740748
226.52362547740722 222.59389430221276 0.0 0.0 0.0 0.0 222.59389430221273 226.52362547740748
218.9889197328063 214.9214643699821 0.0 0.0 0.0 0.0 214.92146436998206 218.98891973280652
204.9048204389612 200.55192424985336 61.19199878617652 49.96478855303511 49.964788553035625 35.33411205693033 200.55192424985333 204.90482043896137
197.65626625638131 196.2650845766207 74.99174455672237 72.36197761322244 66.14968731114932 63.1527923673902 194.7088491767613 199.1894752905958
197.81962645467817 202.23134210471056 59.87445035071327 69.51928095929834 48.34220913965516 59.87445035071354 197.81962645467826 202.23134210471068
206.17262755642832 210.40927610807893 14.505242567662064 38.18877691474998 0.0 14.505242567663318 206.1726275564284 210.40927610807904
212.78447912274288 216.8920138556076 0.0 0.0 0.0 0.0 212.78447912274294 216.89201385560773
166.57210008072605 171.7881708503455 0.0 0.0 0.0 0.0 166.57210008072616 171.78817085034567
150.25060869936664 156.01332165342245 0.0 0.0 0.0 0.0 150.25060869936672 156.0133216534226
117.17666857314086 109.38674754784361 0.0 0.0 0.0 0.0 109.3867475478436 117.176668573141
27.953497483364107 0.0 99.49935563321216 93.0168863762197 93.01688637621963 86.04743186655064 0.0 27.95349748336383
0.0 0.0 144.09616247681092 139.69868796894855 139.69868796894843 135.15821395663573 0.0 0.0
0.0 0.0 159.04495250335506 155.0719713439429 155.07197134394272 150.9944888934649 0.0 0.0
0.0 0.0 146.30078734184602 150.50548494039003 146.6265224717611 150.82213933126567 0.0 0.0
0.0 0.0 124.93467919722185 129.83318022143123 119.83611077557076 124.9346791972218 0.0 0.0
0.0 41.40092763417027 87.86069862975818 94.69679500388105 80.44576895904044 87.86069862975813 0.0 41.400927634170195
70.58113425194026 82.13773573148006 51.83562039355309 62.72887821316754 37.933506577782445 51.835620393553114 70.58113425194026 82.13773573148009
0.0 0.0 0.0 0.0 0.0 0.0 0.0 0.0
0.0 0.0 0.0 0.0 0.0 0.0 0.0 0.0
0.0 0.0 0.0 0.0 0.0 0.0 0.0 0.0
0.0 0.0 60.494903445919654 49.10858094705379 49.108580947053085 34.11263845461605 0.0 0.0
0.0 0.0 60.494903445919654 49.10858094705379 49.108580947053085 34.11263845461605 0.0 0.0
0.0 0.0 58.330947842857526 51.66029993445945 46.41679497712319 37.693579944339675 0.0 0.0
0.0 0.0 38.689979428933945 52.39174675947803 45.58958561730207 57.674872666137304 0.0 0.0
0.0 0.0 49.10858094705305 60.494903445920194 34.11263845461658 49.108580947052644 0.0 0.0
0.0 0.0 0.0 0.0 0.0 0.0 0.0 0.0
0.0 0.0 0.0 0.0 0.0 0.0 0.0 0.0
0.0 0.0 0.0 0.0 0.0 0.0 0.0 0.0
0.0 0.0 0.0 0.0 0.0 0.0 0.0 0.0
0.0 0.0 0.0 0.0 0.0 0.0 0.0 0.0
0.0 0.0 0.0 0.0 0.0 0.0 0.0 0.0
0.0 0.0 0.0 0.0 0.0 0.0 0.0 0.0
0.0 0.0 0.0 0.0 0.0 0.0 0.0 0.0
0.0 0.0 0.0 0.0 0.0 0.0 0.0 0.0
0.0 0.0 0.0 0.0 0.0 0.0 0.0 0.0
0.0 0.0 0.0 0.0 0.0 0.0 0.0 0.0
0.0 0.0 0.0 0.0 0.0 0.0 0.0 0.0
0.0 0.0 0.0 0.0 0.0 0.0 0.0 0.0
0.0 0.0 0.0 0.0 0.0 0.0 0.0 0.0
0.0 0.0 0.0 0.0 0.0 0.0 0.0 0.0
0.0 0.0 0.0 0.0 0.0 0.0 0.0 0.0
0.0 0.0 0.0 0.0 0.0 0.0 0.0 0.0
0.0 0.0 0.0 0.0 0.0 0.0 0.0 0.0
0.0 0.0 0.0 0.0 0.0 0.0 0.0 0.0
0.0 0.0 0.0 0.0 0.0 0.0 0.0 0.0
0.0 0.0 0.0 0.0 0.0 0.0 0.0 0.0
0.0 0.0 0.0 0.0 0.0 0.0 0.0 0.0
0.0 0.0 0.0 0.0 0.0 0.0 0.0 0.0
0.0 0.0 0.0 0.0 0.0 0.0 0.0 0.0
0.0 0.0 0.0 0.0 0.0 0.0 0.0 0.0
0.0 0.0 0.0 0.0 0.0 0.0 0.0 0.0
0.0 0.0 0.0 0.0 0.0 0.0 0.0 0.0
0.0 0.0 0.0 0.0 0.0 0.0 0.0 0.0
0.0 0.0 0.0 0.0 0.0 0.0 0.0 0.0
0.0 0.0 0.0 0.0 0.0 0.0 0.0 0.0
0.0 0.0 0.0 0.0 0.0 0.0 0.0 0.0
0.0 0.0 0.0 0.0 0.0 0.0 0.0 0.0
0.0 0.0 0.0 0.0 0.0 0.0 0.0 0.0
0.0 0.0 0.0 0.0 0.0 0.0 0.0 0.0
0.0 0.0 0.0 0.0 0.0 0.0 0.0 0.0
0.0 0.0 0.0 0.0 0.0 0.0 0.0 0.0
0.0 0.0 0.0 0.0 0.0 0.0 0.0 0.0
0.0 0.0 0.0 0.0 0.0 0.0 0.0 0.0
0.0 0.0 0.0 0.0 0.0 0.0 0.0 0.0
0.0 0.0 0.0 0.0 0.0 0.0 0.0 0.0
0.0 0.0 0.0 0.0 0.0 0.0 0.0 0.0
0.0 0.0 0.0 0.0 0.0 0.0 0.0 0.0
0.0 0.0 0.0 0.0 0.0 0.0 0.0 0.0
0.0 0.0 0.0 0.0 0.0 0.0 0.0 0.0
0.0 0.0 0.0 0.0 0.0 0.0 0.0 0.0
0.0 0.0 0.0 0.0 0.0 0.0 0.0 0.0
0.0 0.0 0.0 0.0 0.0 0.0 0.0 0.0
0.0 0.0 0.0 0.0 0.0 0.0 0.0 0.0
0.0 0.0 0.0 0.0 0.0 0.0 0.0 0.0
0.0 0.0 0.0 0.0 0.0 0.0 0.0 0.0
0.0 0.0 0.0 0.0 0.0 0.0 0.0 0.0
0.0 0.0 0.0 0.0 0.0 0.0 0.0 0.0
0.0 0.0 0.0 0.0 0.0 0.0 0.0 0.0
0.0 0.0 0.0 0.0 0.0 0.0 0.0 0.0
0.0 0.0 0.0 0.0 0.0 0.0 0.0 0.0
0.0 0.0 0.0 0.0 0.0 0.0 0.0 0.0
0.0 0.0 0.0 0.0 0.0 0.0 0.0 0.0
0.0 0.0 0.0 0.0 0.0 0.0 0.0 0.0
0.0 0.0 0.0 0.0 0.0 0.0 0.0 0.0
0.0 0.0 0.0 0.0 0.0 0.0 0.0 0.0
0.0 0.0 0.0 0.0 0.0 0.0 0.0 0.0
0.0 0.0 0.0 0.0 0.0 0.0 0.0 0.0
0.0 0.0 0.0 0.0 0.0 0.0 0.0 0.0
0.0 0.0 0.0 0.0 0.0 0.0 0.0 0.0
0.0 0.0 0.0 0.0 0.0 0.0 0.0 0.0
0.0 0.0 0.0 0.0 0.0 0.0 0.0 0.0
0.0 0.0 0.0 0.0 0.0 0.0 0.0 0.0
0.0 0.0 0.0 0.0 0.0 0.0 0.0 0.0
0.0 0.0 0.0 0.0 0.0 0.0 0.0 0.0
0.0 0.0 0.0 0.0 0.0 0.0 0.0 0.0
0.0 0.0 0.0 0.0 0.0 0.0 0.0 0.0
0.0 0.0 0.0 0.0 0.0 0.0 0.0 0.0
0.0 0.0 0.0 0.0 0.0 0.0 0.0 0.0
0.0 0.0 0.0 0.0 0.0 0.0 0.0 0.0
0.0 0.0 0.0 0.0 0.0 0.0 0.0 0.0
0.0 0.0 0.0 0.0 0.0 0.0 0.0 0.0
0.0 0.0 0.0 0.0 0.0 0.0 0.0 0.0
0.0 0.0 0.0 0.0 0.0 0.0 0.0 0.0
0.0 0.0 0.0 0.0 0.0 0.0 0.0 0.0
0.0 0.0 0.0 0.0 0.0 0.0 0.0 0.0
0.0 0.0 0.0 0.0 0.0 0.0 0.0 0.0
0.0 0.0 0.0 0.0 0.0 0.0 0.0 0.0
0.0 0.0 0.0 0.0 0.0 0.0 0.0 0.0
0.0 0.0 0.0 0.0 0.0 0.0 0.0 0.0
0.0 0.0 0.0 0.0 0.0 0.0 0.0 0.0
0.0 0.0 0.0 0.0 0.0 0.0 0.0 0.0
0.0 0.0 0.0 0.0 0.0 0.0 0.0 0.0
0.0 0.0 0.0 0.0 0.0 0.0 0.0 0.0
0.0 0.0 0.0 0.0 0.0 0.0 0.0 0.0
0.0 0.0 0.0 0.0 0.0 0.0 0.0 0.0
0.0 0.0 0.0 0.0 0.0 0.0 0.0 0.0
0.0 0.0 0.0 0.0 0.0 0.0 0.0 0.0
0.0 0.0 0.0 0.0 0.0 0.0 0.0 0.0
0.0 0.0 0.0 0.0 0.0 0.0 0.0 0.0
0.0 0.0 0.0 0.0 0.0 0.0 0.0 0.0
0.0 0.0 0.0 0.0 0.0 0.0 0.0 0.0
0.0 0.0 0.0 0.0 0.0 0.0 0.0 0.0
0.0 0.0 0.0 0.0 0.0 0.0 0.0 0.0
0.0 0.0 0.0 0.0 0.0 0.0 0.0 0.0
0.0 0.0 0.0 0.0 0.0 0.0 0.0 0.0
0.0 0.0 0.0 0.0 0.0 0.0 0.0 0.0
0.0 0.0 0.0 0.0 0.0 0.0 0.0 0.0
0.0 0.0 0.0 0.0 0.0 0.0 0.0 0.0
0.0 0.0 0.0 0.0 0.0 0.0 0.0 0.0
0.0 0.0 0.0 0.0 0.0 0.0 0.0 0.0
0.0 0.0 0.0 0.0 0.0 0.0 0.0 0.0
0.0 0.0 0.0 0.0 0.0 0.0 0.0 0.0
0.0 0.0 0.0 0.0 0.0 0.0 0.0 0.0
0.0 0.0 0.0 0.0 0.0 0.0 0.0 0.0
0.0 0.0 0.0 0.0 0.0 0.0 0.0 0.0
0.0 0.0 0.0 0.0 0.0 0.0 0.0 0.0
0.0 0.0 0.0 0.0 0.0 0.0 0.0 0.0
0.0 0.0 0.0 0.0 0.0 0.0 0.0 0.0
0.0 0.0 0.0 0.0 0.0 0.0 0.0 0.0
0.0 0.0 0.0 0.0 0.0 0.0 0.0 0.0
0.0 0.0 0.0 0.0 0.0 0.0 0.0 0.0
0.0 0.0 0.0 0.0 0.0 0.0 0.0 0.0
0.0 0.0 0.0 0.0 0.0 0.0 0.0 0.0
0.0 0.0 0.0 0.0 0.0 0.0 0.0 0.0
0.0 0.0 0.0 0.0 0.0 0.0 0.0 0.0
0.0 0.0 0.0 0.0 0.0 0.0 0.0 0.0
0.0 0.0 0.0 0.0 0.0 0.0 0.0 0.0
0.0 0.0 0.0 0.0 0.0 0.0 0.0 0.0
0.0 0.0 0.0 0.0 0.0 0.0 0.0 0.0
0.0 0.0 0.0 0.0 0.0 0.0 0.0 0.0
0.0 0.0 0.0 0.0 0.0 0.0 0.0 0.0
0.0 0.0 0.0 0.0 0.0 0.0 0.0 0.0
0.0 0.0 0.0 0.0 0.0 0.0 0.0 0.0
0.0 0.0 0.0 0.0 0.0 0.0 0.0 0.0
0.0 0.0 0.0 0.0 0.0 0.0 0.0 0.0
0.0 0.0 0.0 0.0 0.0 0.0 0.0 0.0
0.0 0.0 0.0 0.0 0.0 0.0 0.0 0.0
0.0 0.0 0.0 0.0 0.0 0.0 0.0 0.0
0.0 0.0 0.0 0.0 0.0 0.0 0.0 0.0
0.0 0.0 0.0 0.0 0.0 0.0 0.0 0.0
0.0 0.0 0.0 0.0 0.0 0.0 0.0 0.0
0.0 0.0 0.0 0.0 0.0 0.0 0.0 0.0
0.0 0.0 0.0 0.0 0.0 0.0 0.0 0.0
0.0 0.0 0.0 0.0 0.0 0.0 0.0 0.0
0.0 0.0 0.0 0.0 0.0 0.0 0.0 0.0
0.0 0.0 0.0 0.0 0.0 0.0 0.0 0.0
0.0 0.0 0.0 0.0 0.0 0.0 0.0 0.0
0.0 0.0 0.0 0.0 0.0 0.0 0.0 0.0
0.0 0.0 0.0 0.0 0.0 0.0 0.0 0.0
0.0 0.0 0.0 0.0 0.0 0.0 0.0 0.0
0.0 0.0 0.0 0.0 0.0 0.0 0.0 0.0
0.0 0.0 0.0 0.0 0.0 0.0 0.0 0.0
0.0 0.0 0.0 0.0 0.0 0.0 0.0 0.0
0.0 0.0 0.0 0.0 0.0 0.0 0.0 0.0
0.0 0.0 0.0 0.0 0.0 0.0 0.0 0.0
0.0 0.0 0.0 0.0 0.0 0.0 0.0 0.0
0.0 0.0 0.0 0.0 0.0 0.0 0.0 0.0
0.0 0.0 0.0 0.0 0.0 0.0 0.0 0.0
0.0 0.0 0.0 0.0 0.0 0.0 0.0 0.0
0.0 0.0 0.0 0.0 0.0 0.0 0.0 0.0
0.0 0.0 0.0 0.0 0.0 0.0 0.0 0.0
0.0 0.0 0.0 0.0 0.0 0.0 0.0 0.0
0.0 0.0 0.0 0.0 0.0 0.0 0.0 0.0
0.0 0.0 0.0 0.0 0.0 0.0 0.0 0.0
0.0 0.0 0.0 0.0 0.0 0.0 0.0 0.0
0.0 0.0 0.0 0.0 0.0 0.0 0.0 0.0
0.0 0.0 0.0 0.0 0.0 0.0 0.0 0.0
0.0 0.0 0.0 0.0 0.0 0.0 0.0 0.0
0.0 0.0 0.0 0.0 0.0 0.0 0.0 0.0
0.0 0.0 0.0 0.0 0.0 0.0 0.0 0.0
0.0 0.0 0.0 0.0 0.0 0.0 0.0 0.0
0.0 0.0 0.0 0.0 0.0 0.0 0.0 0.0
0.0 0.0 0.0 0.0 0.0 0.0 0.0 0.0
0.0 0.0 0.0 0.0 0.0 0.0 0.0 0.0
0.0 0.0 0.0 0.0 0.0 0.0 0.0 0.0
0.0 0.0 0.0 0.0 0.0 0.0 0.0 0.0
0.0 0.0 0.0 0.0 0.0 0.0 0.0 0.0
0.0 0.0 0.0 0.0 0.0 0.0 0.0 0.0
0.0 0.0 0.0 0.0 0.0 0.0 0.0 0.0
0.0 0.0 0.0 0.0 0.0 0.0 0.0 0.0
0.0 0.0 0.0 0.0 0.0 0.0 0.0 0.0
0.0 0.0 0.0 0.0 0.0 0.0 0.0 0.0
0.0 0.0 0.0 0.0 0.0 0.0 0.0 0.0
0.0 0.0 0.0 0.0 0.0 0.0 0.0 0.0
0.0 0.0 0.0 0.0 0.0 0.0 0.0 0.0
0.0 0.0 0.0 0.0 0.0 0.0 0.0 0.0
0.0 0.0 0.0 0.0 0.0 0.0 0.0 0.0
0.0 0.0 0.0 0.0 0.0 0.0 0.0 0.0
0.0 0.0 0.0 0.0 0.0 0.0 0.0 0.0
0.0 0.0 0.0 0.0 0.0 0.0 0.0 0.0
0.0 0.0 0.0 0.0 0.0 0.0 0.0 0.0
0.0 0.0 0.0 0.0 0.0 0.0 0.0 0.0
0.0 0.0 0.0 0.0 0.0 0.0 0.0 0.0
0.0 0.0 0.0 0.0 0.0 0.0 0.0 0.0
0.0 0.0 0.0 0.0 0.0 0.0 0.0 0.0
0.0 0.0 0.0 0.0 0.0 0.0 0.0 0.0
0.0 0.0 0.0 0.0 0.0 0.0 0.0 0.0
0.0 0.0 0.0 0.0 0.0 0.0 0.0 0.0
0.0 0.0 0.0 0.0 0.0 0.0 0.0 0.0
0.0 0.0 0.0 0.0 0.0 0.0 0.0 0.0
0.0 0.0 0.0 0.0 0.0 0.0 0.0 0.0
0.0 0.0 0.0 0.0 0.0 0.0 0.0 0.0
0.0 0.0 0.0 0.0 0.0 0.0 0.0 0.0
0.0 0.0 0.0 0.0 0.0 0.0 0.0 0.0
0.0 0.0 0.0 0.0 0.0 0.0 0.0 0.0
0.0 0.0 0.0 0.0 0.0 0.0 0.0 0.0
0.0 0.0 0.0 0.0 0.0 0.0 0.0 0.0
0.0 0.0 0.0 0.0 0.0 0.0 0.0 0.0
0.0 0.0 0.0 0.0 0.0 0.0 0.0 0.0
0.0 0.0 0.0 0.0 0.0 0.0 0.0 0.0
0.0 0.0 0.0 0.0 0.0 0.0 0.0 0.0
0.0 0.0 0.0 0.0 0.0 0.0 0.0 0.0
0.0 0.0 0.0 0.0 0.0 0.0 0.0 0.0
0.0 0.0 0.0 0.0 0.0 0.0 0.0 0.0
0.0 0.0 0.0 0.0 0.0 0.0 0.0 0.0
0.0 0.0 0.0 0.0 0.0 0.0 0.0 0.0
0.0 0.0 0.0 0.0 0.0 0.0 0.0 0.0
0.0 0.0 0.0 0.0 0.0 0.0 0.0 0.0
0.0 0.0 0.0 0.0 0.0 0.0 0.0 0.0
0.0 0.0 0.0 0.0 0.0 0.0 0.0 0.0
0.0 0.0 0.0 0.0 0.0 0.0 0.0 0.0
0.0 0.0 0.0 0.0 0.0 0.0 0.0 0.0
0.0 0.0 0.0 0.0 0.0 0.0 0.0 0.0
0.0 0.0 0.0 0.0 0.0 0.0 0.0 0.0
0.0 0.0 0.0 0.0 0.0 0.0 0.0 0.0
0.0 0.0 0.0 0.0 0.0 0.0 0.0 0.0
0.0 0.0 0.0 0.0 0.0 0.0 0.0 0.0
0.0 0.0 0.0 0.0 0.0 0.0 0.0 0.0
0.0 0.0 0.0 0.0 0.0 0.0 0.0 0.0
0.0 0.0 0.0 0.0 0.0 0.0 0.0 0.0
0.0 0.0 0.0 0.0 0.0 0.0 0.0 0.0
0.0 0.0 0.0 0.0 0.0 0.0 0.0 0.0
0.0 0.0 0.0 0.0 0.0 0.0 0.0 0.0
0.0 0.0 0.0 0.0 0.0 0.0 0.0 0.0
0.0 0.0 0.0 0.0 0.0 0.0 0.0 0.0
0.0 0.0 0.0 0.0 0.0 0.0 0.0 0.0
0.0 0.0 0.0 0.0 0.0 0.0 0.0 0.0
0.0 0.0 0.0 0.0 0.0 0.0 0.0 0.0
0.0 0.0 0.0 0.0 0.0 0.0 0.0 0.0
0.0 0.0 0.0 0.0 0.0 0.0 0.0 0.0
0.0 0.0 0.0 0.0 0.0 0.0 0.0 0.0
0.0 0.0 0.0 0.0 0.0 0.0 0.0 0.0
0.0 0.0 0.0 0.0 0.0 0.0 0.0 0.0
0.0 0.0 0.0 0.0 0.0 0.0 0.0 0.0
0.0 0.0 0.0 0.0 0.0 0.0 0.0 0.0
0.0 0.0 0.0 0.0 0.0 0.0 0.0 0.0
0.0 0.0 0.0 0.0 0.0 0.0 0.0 0.0
0.0 0.0 0.0 0.0 0.0 0.0 0.0 0.0
0.0 0.0 0.0 0.0 0.0 0.0 0.0 0.0
0.0 0.0 0.0 0.0 0.0 0.0 0.0 0.0
0.0 0.0 0.0 0.0 0.0 0.0 0.0 0.0
0.0 0.0 0.0 0.0 0.0 0.0 0.0 0.0
0.0 0.0 0.0 0.0 0.0 0.0 0.0 0.0
0.0 0.0 0.0 0.0 0.0 0.0 0.0 0.0
0.0 0.0 0.0 0.0 0.0 0.0 0.0 0.0
0.0 0.0 0.0 0.0 0.0 0.0 0.0 0.0
0.0 0.0 0.0 0.0 0.0 0.0 0.0 0.0
0.0 0.0 0.0 0.0 0.0 0.0 0.0 0.0
0.0 0.0 0.0 0.0 0.0 0.0 0.0 0.0
0.0 0.0 0.0 0.0 0.0 0.0 0.0 0.0
0.0 0.0 0.0 0.0 0.0 0.0 0.0 0.0
0.0 0.0 0.0 0.0 0.0 0.0 0.0 0.0
0.0 0.0 0.0 0.0 0.0 0.0 0.0 0.0
0.0 0.0 0.0 0.0 0.0 0.0 0.0 0.0
0.0 0.0 0.0 0.0 0.0 0.0 0.0 0.0
0.0 0.0 0.0 0.0 0.0 0.0 0.0 0.0
0.0 0.0 0.0 0.0 0.0 0.0 0.0 0.0
0.0 0.0 0.0 0.0 0.0 0.0 0.0 0.0
0.0 0.0 0.0 0.0 0.0 0.0 0.0 0.0
0.0 0.0 0.0 0.0 0.0 0.0 0.0 0.0
0.0 0.0 0.0 0.0 0.0 0.0 0.0 0.0
0.0 0.0 0.0 0.0 0.0 0.0 0.0 0.0
0.0 0.0 0.0 0.0 0.0 0.0 0.0 0.0
0.0 0.0 0.0 0.0 0.0 0.0 0.0 0.0
0.0 0.0 0.0 0.0 0.0 0.0 0.0 0.0
0.0 0.0 0.0 0.0 0.0 0.0 0.0 0.0
0.0 0.0 0.0 0.0 0.0 0.0 0.0 0.0
0.0 0.0 0.0 0.0 0.0 0.0 0.0 0.0
0.0 0.0 0.0 0.0 0.0 0.0 0.0 0.0
0.0 0.0 0.0 0.0 0.0 0.0 0.0 0.0
0.0 0.0 0.0 0.0 0.0 0.0 0.0 0.0
0.0 0.0 0.0 0.0 0.0 0.0 0.0 0.0
0.0 0.0 0.0 0.0 0.0 0.0 0.0 0.0
0.0 0.0 0.0 0.0 0.0 0.0 0.0 0.0
0.0 0.0 0.0 0.0 0.0 0.0 0.0 0.0
0.0 0.0 0.0 0.0 0.0 0.0 0.0 0.0
0.0 0.0 0.0 0.0 0.0 0.0 0.0 0.0
0.0 0.0 0.0 0.0 0.0 0.0 0.0 0.0
0.0 0.0 0.0 0.0 0.0 0.0 0.0 0.0
0.0 0.0 0.0 0.0 0.0 0.0 0.0 0.0
0.0 0.0 0.0 0.0 0.0 0.0 0.0 0.0
0.0 0.0 0.0 0.0 0.0 0.0 0.0 0.0
0.0 0.0 0.0 0.0 0.0 0.0 0.0 0.0
0.0 0.0 0.0 0.0 0.0 0.0 0.0 0.0
0.0 0.0 0.0 0.0 0.0 0.0 0.0 0.0
0.0 0.0 0.0 0.0 0.0 0.0 0.0 0.0
0.0 0.0 0.0 0.0 0.0 0.0 0.0 0.0
0.0 0.0 0.0 0.0 0.0 0.0 0.0 0.0
0.0 0.0 0.0 0.0 0.0 0.0 0.0 0.0
0.0 0.0 0.0 0.0 0.0 0.0 0.0 0.0
0.0 0.0 0.0 0.0 0.0 0.0 0.0 0.0
0.0 0.0 0.0 0.0 0.0 0.0 0.0 0.0
0.0 0.0 0.0 0.0 0.0 0.0 0.0 0.0
0.0 0.0 0.0 0.0 0.0 0.0 0.0 0.0
0.0 0.0 0.0 0.0 0.0 0.0 0.0 0.0
0.0 0.0 0.0 0.0 0.0 0.0 0.0 0.0
0.0 0.0 0.0 0.0 0.0 0.0 0.0 0.0
0.0 0.0 0.0 0.0 0.0 0.0 0.0 0.0
0.0 0.0 0.0 0.0 0.0 0.0 0.0 0.0
0.0 0.0 0.0 0.0 0.0 0.0 0.0 0.0
0.0 0.0 0.0 0.0 0.0 0.0 0.0 0.0
0.0 0.0 0.0 0.0 0.0 0.0 0.0 0.0
0.0 0.0 0.0 0.0 0.0 0.0 0.0 0.0
0.0 0.0 0.0 0.0 0.0 0.0 0.0 0.0
0.0 0.0 0.0 0.0 0.0 0.0 0.0 0.0
0.0 0.0 0.0 0.0 0.0 0.0 0.0 0.0
0.0 0.0 0.0 0.0 0.0 0.0 0.0 0.0
0.0 0.0 0.0 0.0 0.0 0.0 0.0 0.0
0.0 0.0 0.0 0.0 0.0 0.0 0.0 0.0
0.0 0.0 0.0 0.0 0.0 0.0 0.0 0.0
0.0 0.0 0.0 0.0 0.0 0.0 0.0 0.0
0.0 0.0 0.0 0.0 0.0 0.0 0.0 0.0
0.0 0.0 0.0 0.0 0.0 0.0 0.0 0.0
0.0 0.0 0.0 0.0 0.0 0.0 0.0 0.0
0.0 0.0 0.0 0.0 0.0 0.0 0.0 0.0
0.0 0.0 0.0 0.0 0.0 0.0 0.0 0.0
0.0 0.0 0.0 0.0 0.0 0.0 0.0 0.0
0.0 0.0 0.0 0.0 0.0 0.0 0.0 0.0
0.0 0.0 0.0 0.0 0.0 0.0 0.0 0.0
0.0 0.0 0.0 0.0 0.0 0.0 0.0 0.0
0.0 0.0 0.0 0.0 0.0 0.0 0.0 0.0
0.0 0.0 0.0 0.0 0.0 0.0 0.0 0.0
0.0 0.0 0.0 0.0 0.0 0.0 0.0 0.0
0.0 0.0 0.0 0.0 0.0 0.0 0.0 0.0
0.0 0.0 0.0 0.0 0.0 0.0 0.0 0.0
0.0 0.0 0.0 0.0 0.0 0.0 0.0 0.0
0.0 0.0 0.0 0.0 0.0 0.0 0.0 0.0
0.0 0.0 0.0 0.0 0.0 0.0 0.0 0.0
0.0 0.0 0.0 0.0 0.0 0.0 0.0 0.0
0.0 0.0 0.0 0.0 0.0 0.0 0.0 0.0
0.0 0.0 0.0 0.0 0.0 0.0 0.0 0.0
0.0 0.0 0.0 0.0 0.0 0.0 0.0 0.0
0.0 0.0 0.0 0.0 0.0 0.0 0.0 0.0
0.0 0.0 0.0 0.0 0.0 0.0 0.0 0.0
0.0 0.0 0.0 0.0 0.0 0.0 0.0 0.0
0.0 0.0 0.0 0.0 0.0 0.0 0.0 0.0
0.0 0.0 0.0 0.0 0.0 0.0 0.0 0.0
0.0 0.0 0.0 0.0 0.0 0.0 0.0 0.0
0.0 0.0 0.0 0.0 0.0 0.0 0.0 0.0
0.0 0.0 0.0 0.0 0.0 0.0 0.0 0.0
0.0 0.0 0.0 0.0 0.0 0.0 0.0 0.0
0.0 0.0 0.0 0.0 0.0 0.0 0.0 0.0
0.0 0.0 0.0 0.0 0.0 0.0 0.0 0.0
0.0 0.0 0.0 0.0 0.0 0.0 0.0 0.0
0.0 0.0 0.0 0.0 0.0 0.0 0.0 0.0
0.0 0.0 0.0 0.0 0.0 0.0 0.0 0.0
0.0 0.0 0.0 0.0 0.0 0.0 0.0 0.0
0.0 0.0 0.0 0.0 0.0 0.0 0.0 0.0
0.0 0.0 0.0 0.0 0.0 0.0 0.0 0.0
0.0 0.0 0.0 0.0 0.0 0.0 0.0 0.0
0.0 0.0 0.0 0.0 0.0 0.0 0.0 0.0
